3.0 0.6686413884162903 0.5742313265800476 0.5937427282333374 0.5266005992889404
0.0 0.28886666893959045 0.3708653151988983 0.17978963255882263 0.24693173170089722
3.0 0.041900090873241425 0.2705973982810974 0.07441631704568863 0.1461362987756729
3.0 0.4602765738964081 0.22400781512260437 0.26914411783218384 0.1951351761817932
3.0 0.6902278065681458 0.21525944769382477 0.3291354179382324 0.22384433448314667
3.0 0.3410438597202301 0.17592580616474152 0.19066500663757324 0.14336033165454865
3.0 0.175950825214386 0.15100842714309692 0.15839380025863647 0.09811848402023315
2.0 0.7868949770927429 0.4956943690776825 0.20522084832191467 0.23268800973892212
2.0 0.40013575553894043 0.3578093647956848 0.1211884617805481 0.14331485331058502
3.0 0.15605853497982025 0.2677672207355499 0.18829946219921112 0.17609180510044098
