3.0 0.665004312992096 0.5748786926269531 0.5985947847366333 0.5477195382118225
0.0 0.2912752330303192 0.36700743436813354 0.18414874374866486 0.24998731911182404
3.0 0.04641970247030258 0.2567542791366577 0.07797129452228546 0.15129156410694122
3.0 0.4653547704219818 0.2233244776725769 0.27245935797691345 0.1998872458934784
3.0 0.6954279541969299 0.2188030630350113 0.33291760087013245 0.2296706885099411
3.0 0.34702572226524353 0.1730596274137497 0.19310781359672546 0.14672152698040009
3.0 0.18241843581199646 0.1451127827167511 0.16003726422786713 0.10093215852975845
2.0 0.7869256138801575 0.5009669065475464 0.20929200947284698 0.2362259179353714
2.0 0.4027654230594635 0.35599830746650696 0.12370124459266663 0.1453980654478073
3.0 0.16038399934768677 0.26148635149002075 0.19134677946567535 0.17937614023685455
