3.0 0.6660900712013245 0.5724384188652039 0.5911625623703003 0.5394780039787292
0.0 0.2893376052379608 0.37009844183921814 0.1806570291519165 0.24754299223423004
3.0 0.042883578687906265 0.26346638798713684 0.07582072168588638 0.15030738711357117
3.0 0.4612804055213928 0.22386521100997925 0.269807368516922 0.1960807591676712
3.0 0.691261887550354 0.2159530371427536 0.329892635345459 0.22500325739383698
3.0 0.34222331643104553 0.17534995079040527 0.19115351140499115 0.14402928948402405
3.0 0.17722195386886597 0.14983244240283966 0.15872325003147125 0.09867788106203079
2.0 0.786908745765686 0.4967375695705414 0.2060319483280182 0.2333943247795105
2.0 0.4006534516811371 0.35744717717170715 0.12168893963098526 0.14373092353343964
3.0 0.15690523386001587 0.26651814579963684 0.18890751898288727 0.1767464429140091
