3.0 0.6752976775169373 0.545868992805481 0.6397979259490967 0.5939237475395203
0.0 0.27177613973617554 0.4042559266090393 0.20393633842468262 0.2633029520511627
3.0 0.028474856168031693 0.3370387852191925 0.056949712336063385 0.15642859041690826
3.0 0.4190235733985901 0.23318086564540863 0.2869008183479309 0.22146259248256683
3.0 0.6450116634368896 0.18978165090084076 0.3492918908596039 0.25619420409202576
3.0 0.2938939034938812 0.20367009937763214 0.2037840485572815 0.16195756196975708
3.0 0.12693136930465698 0.20398855209350586 0.1670818030834198 0.11378675699234009
2.0 0.7829492092132568 0.45238688588142395 0.22760137915611267 0.25188764929771423
2.0 0.3797942101955414 0.3745344281196594 0.13502717018127441 0.15459118783473969
3.0 0.12491268664598465 0.32241255044937134 0.2048923820257187 0.19409845769405365
