3.0 0.6719061136245728 0.5572847127914429 0.6091291308403015 0.5594457387924194
0.0 0.2785581648349762 0.3894714117050171 0.18913523852825165 0.25343140959739685
3.0 0.03203937038779259 0.3053218722343445 0.06407874077558517 0.15265877544879913
3.0 0.4367249608039856 0.22843803465366364 0.27619558572769165 0.20532363653182983
3.0 0.6650757193565369 0.19997699558734894 0.33717072010040283 0.23634260892868042
3.0 0.313804030418396 0.19077162444591522 0.19586408138275146 0.15056449174880981
3.0 0.14718115329742432 0.18012213706970215 0.16187885403633118 0.10415840148925781
2.0 0.785465657711029 0.47107577323913574 0.2139333188533783 0.24023623764514923
2.0 0.3882952630519867 0.3669094443321228 0.1265682429075241 0.14775677025318146
3.0 0.1373879313468933 0.29815778136253357 0.19480614364147186 0.18311592936515808
