3.0 0.3372195065021515 0.5903806090354919 0.6333339810371399 0.569802463054657
0.0 0.7003877758979797 0.3547491729259491 0.19792023301124573 0.2593572437763214
3.0 0.93875652551651 0.2354743778705597 0.08535987138748169 0.15098579227924347
3.0 0.5180178284645081 0.2217465341091156 0.2826226055622101 0.21490220725536346
3.0 0.28808674216270447 0.23100824654102325 0.3444606363773346 0.2481161653995514
3.0 0.6331251263618469 0.16448721289634705 0.20061448216438293 0.15732929110527039
3.0 0.7957639098167419 0.12673509120941162 0.1650169938802719 0.10986328125
2.0 0.2136469930410385 0.5181440711021423 0.22206638753414154 0.2471996545791626
2.0 0.5884383916854858 0.3504349887371063 0.1315986067056656 0.15184491872787476
3.0 0.824726402759552 0.24158062040805817 0.20082725584506989 0.18965688347816467
