3.0 0.32775959372520447 0.5562716126441956 0.6119853854179382 0.5626346468925476
0.0 0.7220887541770935 0.3907770812511444 0.19049522280693054 0.2543608844280243
3.0 0.968318521976471 0.3081303834915161 0.06336292624473572 0.15302357077598572
3.0 0.5648728013038635 0.22881527245044708 0.2772037982940674 0.20680637657642365
3.0 0.33669355511665344 0.19901029765605927 0.33831658959388733 0.23816359043121338
3.0 0.6880133748054504 0.191873237490654 0.19660848379135132 0.15161220729351044
3.0 0.8546960353851318 0.1822049468755722 0.16237373650074005 0.10503976792097092
2.0 0.2147095799446106 0.46939554810523987 0.21519611775875092 0.24132291972637177
2.0 0.6124864220619202 0.3675694465637207 0.12734873592853546 0.1483953893184662
3.0 0.8637941479682922 0.30029621720314026 0.19574452936649323 0.18413259088993073
