3.0 0.32594242691993713 0.5503707528114319 0.6280969977378845 0.580704927444458
0.0 0.7256810069084167 0.3984070122241974 0.19823531806468964 0.2595662474632263
3.0 0.9702410101890564 0.32451310753822327 0.0595179945230484 0.15503038465976715
3.0 0.5740743279457092 0.23118291795253754 0.2828492522239685 0.2152457982301712
3.0 0.3470430374145508 0.1936212033033371 0.34471702575683594 0.24853894114494324
3.0 0.6984020471572876 0.19845770299434662 0.20078223943710327 0.15757179260253906
3.0 0.8653173446655273 0.19447389245033264 0.16512688994407654 0.1100684255361557
2.0 0.21591788530349731 0.4596935212612152 0.22235700488090515 0.24744687974452972
2.0 0.6169329881668091 0.37147870659828186 0.1317785084247589 0.1519898623228073
3.0 0.8703868389129639 0.31280654668807983 0.20104137063026428 0.1898902952671051
