3.0 0.1625000238418579 0.64453125 0.3250000476837158 0.4984375238418579
0.0 0.600781261920929 0.4195312559604645 0.2242187261581421 0.27187496423721313
3.0 0.9632812738418579 0.28125 0.07109375298023224 0.14453125
3.0 0.5289062261581421 0.22968749701976776 0.27109378576278687 0.18906250596046448
3.0 0.3109375238418579 0.2109375 0.3250000476837158 0.22187501192092896
3.0 0.6664062738418579 0.1796875 0.1875 0.13906249403953552
3.0 0.83203125 0.15859374403953552 0.15625 0.09453124552965164
2.0 0.2132812738418579 0.48906248807907104 0.20000004768371582 0.2281249761581421
2.0 0.6031249761581421 0.36015623807907104 0.11796873807907104 0.140625
3.0 0.8492187857627869 0.2757812440395355 0.18437498807907104 0.171875
