3.0 0.33989331126213074 0.5848474502563477 0.6280927658081055 0.5807002186775208
0.0 0.7001845240592957 0.3544691801071167 0.19823329150676727 0.25956490635871887
3.0 0.9383863210678101 0.23486128449440002 0.08555073291063309 0.15106406807899475
3.0 0.5176288485527039 0.2217216193675995 0.2828477919101715 0.21524357795715332
3.0 0.28771090507507324 0.23130474984645844 0.3447153866291046 0.24853621423244476
3.0 0.6326559782028198 0.16430144011974335 0.20078116655349731 0.1575702279806137
3.0 0.7952418327331543 0.12632198631763458 0.16512618958950043 0.11006710678339005
2.0 0.21367262303829193 0.5185443758964539 0.22235514223575592 0.24744528532028198
2.0 0.588229238986969 0.3503115177154541 0.13177736103534698 0.1519889235496521
3.0 0.8243647813796997 0.2411269247531891 0.20103999972343445 0.18988879024982452
