3.0 0.33382996916770935 0.5722548365592957 0.5906001925468445 0.5388553738594055
0.0 0.7108058333396912 0.3703313171863556 0.18039368093013763 0.247357577085495
3.0 0.9575178027153015 0.26943862438201904 0.07477764785289764 0.14630727469921112
3.0 0.5390247106552124 0.22390815615653992 0.26960617303848267 0.19579367339611053
3.0 0.30905207991600037 0.2157418578863144 0.3296629786491394 0.22465138137340546
3.0 0.6581353545188904 0.17552450299263 0.19100531935691833 0.1438261866569519
3.0 0.8231648206710815 0.1501893401145935 0.1586233526468277 0.09850801527500153
2.0 0.2130950540304184 0.4964205324649811 0.20578573644161224 0.2331800013780594
2.0 0.5995040535926819 0.3575570583343506 0.12153701484203339 0.14360468089580536
3.0 0.8433525562286377 0.26689741015434265 0.18872299790382385 0.17654773592948914
