3.0 0.6692427396774292 0.564731240272522 0.5873022675514221 0.5352070927619934
0.0 0.28359195590019226 0.37991413474082947 0.1788516342639923 0.24626894295215607
3.0 0.03492751345038414 0.2847175598144531 0.06985502690076828 0.14979013800621033
3.0 0.4486347734928131 0.225935697555542 0.26842495799064636 0.1941126585006714
3.0 0.6780099272727966 0.2074657827615738 0.3283139765262604 0.2225913405418396
3.0 0.327474445104599 0.18294154107570648 0.1901354342699051 0.14263685047626495
3.0 0.16147497296333313 0.16503165662288666 0.15803618729114532 0.09751380980014801
2.0 0.7864558696746826 0.4835595190525055 0.20434316992759705 0.231922909617424
2.0 0.39420899748802185 0.3621620237827301 0.12064698338508606 0.14286407828330994
3.0 0.14654062688350677 0.2825275659561157 0.1876409947872162 0.1753833144903183
