3.0 0.6747939586639404 0.5477527379989624 0.6349630355834961 0.5884512662887573
0.0 0.2728196382522583 0.401805579662323 0.20157194137573242 0.26176369190216064
3.0 0.02899325080215931 0.3317946195602417 0.05798650160431862 0.15585729479789734
3.0 0.4218994975090027 0.23232492804527283 0.28523197770118713 0.21888421475887299
3.0 0.6483414769172668 0.19136008620262146 0.34740954637527466 0.2530179023742676
3.0 0.2970946133136749 0.20146936178207397 0.2025468945503235 0.1601390540599823
3.0 0.1301383227109909 0.1999911218881607 0.1662788838148117 0.11224309355020523
2.0 0.7834451794624329 0.4554344415664673 0.22542959451675415 0.25005343556404114
2.0 0.3811512887477875 0.3732481598854065 0.13368137180805206 0.15351730585098267
3.0 0.12684540450572968 0.3183865547180176 0.20330066978931427 0.19235672056674957
