3.0 0.8070529699325562 0.6934095621109009 0.3858940601348877 0.5414600968360901
0.0 0.4123954772949219 0.4053557813167572 0.26237913966178894 0.3023671507835388
3.0 0.07467075437307358 0.21438467502593994 0.0919218435883522 0.15354271233081818
3.0 0.5118706226348877 0.22840562462806702 0.2963337302207947 0.22750188410282135
3.0 0.7301908135414124 0.24248507618904114 0.3545432686805725 0.26801180839538574
3.0 0.3834013044834137 0.15839220583438873 0.20619891583919525 0.16555535793304443
3.0 0.2227979302406311 0.11275072395801544 0.16863684356212616 0.11684908717870712
2.0 0.7851269245147705 0.5320922136306763 0.2318861186504364 0.25548553466796875
2.0 0.41896340250968933 0.34629860520362854 0.1376844346523285 0.1566951423883438
3.0 0.18826723098754883 0.2260465919971466 0.20801939070224762 0.19753073155879974
