3.0 0.33241280913352966 0.5689041018486023 0.5802572965621948 0.5274293422698975
0.0 0.7133666276931763 0.3745897710323334 0.17557062208652496 0.24393624067306519
3.0 0.9620544910430908 0.2786705791950226 0.07189841568470001 0.14492535591125488
3.0 0.544559895992279 0.22474730014801025 0.26589369773864746 0.19053609669208527
3.0 0.3147975504398346 0.21196553111076355 0.32542020082473755 0.21821041405200958
3.0 0.6646178960800171 0.17876476049423218 0.1882723718881607 0.14010564982891083
3.0 0.830122709274292 0.1567479521036148 0.1567745953798294 0.09540087729692459
2.0 0.21322475373744965 0.4906611442565918 0.2012687474489212 0.22923643887043
2.0 0.602343738079071 0.3595834970474243 0.11875090003013611 0.14128050208091736
3.0 0.847963273525238 0.2738378047943115 0.1853303462266922 0.1729002296924591
