3.0 0.6901738047599792 0.6287450790405273 0.6196523904800415 0.6221135854721069
0.0 0.31014248728752136 0.362144410610199 0.2133377492427826 0.2601529359817505
3.0 0.06737662851810455 0.2255585640668869 0.08844604343175888 0.15222324430942535
3.0 0.4883187413215637 0.22140857577323914 0.2862195074558258 0.22040684521198273
3.0 0.7179795503616333 0.23590019345283508 0.3485237658023834 0.25489339232444763
3.0 0.374544233083725 0.16154471039772034 0.20327883958816528 0.16121302545070648
3.0 0.21280667185783386 0.12010135501623154 0.16675440967082977 0.11315441876649857
2.0 0.7858659625053406 0.5246556401252747 0.2267126888036728 0.25113794207572937
2.0 0.4149879813194275 0.34846121072769165 0.13447637856006622 0.15415233373641968
3.0 0.1812382936477661 0.23425808548927307 0.2042415887117386 0.19338589906692505
