3.0 0.34082815051078796 0.5865885019302368 0.6330961585044861 0.5863421559333801
0.0 0.6985854506492615 0.3522946536540985 0.200662299990654 0.2611674964427948
3.0 0.9348481297492981 0.224662646651268 0.08825341612100601 0.15563423931598663
3.0 0.5145929455757141 0.22154591977596283 0.284585565328598 0.21789227426052094
3.0 0.2847931683063507 0.23363591730594635 0.3466796278953552 0.2517964243888855
3.0 0.6289870142936707 0.16287468373775482 0.20206795632839203 0.15943926572799683
3.0 0.7911489605903625 0.12312435358762741 0.16596698760986328 0.11164979636669159
2.0 0.2138918936252594 0.5216659307479858 0.22459283471107483 0.24934490025043488
2.0 0.5865915417671204 0.3493582010269165 0.13316302001476288 0.15310226380825043
3.0 0.8215222954750061 0.23760485649108887 0.20268623530864716 0.191685289144516
