3.0 0.3358916640281677 0.582177460193634 0.6152966618537903 0.5508801341056824
0.0 0.7046979069709778 0.360889196395874 0.1910378336906433 0.2547305226325989
3.0 0.9465721249580383 0.2488936185836792 0.0811808705329895 0.14921624958515167
3.0 0.52644282579422 0.22242043912410736 0.27760472893714905 0.20739798247814178
3.0 0.2963366210460663 0.22470919787883759 0.3387720584869385 0.23889030516147614
3.0 0.6432326436042786 0.16867606341838837 0.19690458476543427 0.15203018486499786
3.0 0.8069408535957336 0.13587048649787903 0.1625702679157257 0.10539159178733826
2.0 0.21322862803936005 0.5094570517539978 0.21569956839084625 0.24175560474395752
2.0 0.5929307341575623 0.3531840741634369 0.12765996158123016 0.14864961802959442
3.0 0.8324093222618103 0.25154104828834534 0.1961182951927185 0.18453781306743622
