3.0 0.332629531621933 0.5694288611412048 0.581886887550354 0.529226541519165
0.0 0.7129726409912109 0.37392184138298035 0.17632798850536346 0.24447667598724365
3.0 0.9613111019134521 0.2717553675174713 0.07316490262746811 0.1490577757358551
3.0 0.5436972379684448 0.22460903227329254 0.26648014783859253 0.1913616806268692
3.0 0.31389597058296204 0.21254724264144897 0.3260909914970398 0.21922142803668976
3.0 0.663610577583313 0.1782505363225937 0.18870387971401215 0.14069002866744995
3.0 0.8290455937385559 0.15571527183055878 0.15706728398799896 0.09588833153247833
2.0 0.21319690346717834 0.4915597140789032 0.20197904109954834 0.22985798120498657
2.0 0.6019033193588257 0.35926350951194763 0.11918886750936508 0.14164696633815765
3.0 0.8472529649734497 0.2727486491203308 0.18586474657058716 0.17347407341003418
