3.0 0.34361815452575684 0.5915312170982361 0.6470461487770081 0.6021569967269897
0.0 0.6938619613647461 0.3461475074291229 0.20750528573989868 0.2655971646308899
3.0 0.926011323928833 0.21117843687534332 0.09257367998361588 0.15726694464683533
3.0 0.505864679813385 0.22122547030448914 0.28938788175582886 0.22535474598407745
3.0 0.2765563130378723 0.24050679802894592 0.35209137201309204 0.26099270582199097
3.0 0.6183651089668274 0.1590002328157425 0.20562976598739624 0.16470137238502502
3.0 0.7792025208473206 0.11419055610895157 0.16827186942100525 0.11612118035554886
2.0 0.21471083164215088 0.5306161046028137 0.2308705598115921 0.25463536381721497
2.0 0.5818309783935547 0.3467200696468353 0.13705435395240784 0.15619829297065735
3.0 0.8131464123725891 0.22766360640525818 0.20727989077568054 0.19671772420406342
