3.0 0.6738888621330261 0.5509500503540039 0.6265543699264526 0.5789684057235718
0.0 0.27465853095054626 0.39765605330467224 0.197488933801651 0.2590707540512085
3.0 0.029935628175735474 0.3229028284549713 0.05987125635147095 0.15484216809272766
3.0 0.426821231842041 0.23093773424625397 0.28231191635131836 0.21443192660808563
3.0 0.6539763808250427 0.1941322684288025 0.34410908818244934 0.2475375533103943
3.0 0.30260318517684937 0.1977986842393875 0.20038457214832306 0.15699735283851624
3.0 0.13570208847522736 0.19325904548168182 0.16486625373363495 0.10958254337310791
2.0 0.7842147350311279 0.46063974499702454 0.22166846692562103 0.24686098098754883
2.0 0.38349565863609314 0.37109002470970154 0.1313522905111313 0.15164631605148315
3.0 0.1302385926246643 0.31157419085502625 0.2005339413881302 0.18933725357055664
