3.0 0.06789727509021759 0.7371349930763245 0.13579455018043518 0.44837090373039246
0.0 0.49605175852775574 0.45636555552482605 0.28887462615966797 0.3430984616279602
3.0 0.9271631240844727 0.2171347737312317 0.09106657654047012 0.15322554111480713
3.0 0.46901601552963257 0.23688092827796936 0.30909737944602966 0.2370194047689438
3.0 0.22364947199821472 0.24871785938739777 0.3782985508441925 0.2758024036884308
3.0 0.6188002824783325 0.1591515988111496 0.20548854768276215 0.16449007391929626
3.0 0.7796947956085205 0.1145472526550293 0.1681811660528183 0.11594118177890778
2.0 0.21467198431491852 0.5302519202232361 0.2306191474199295 0.2544246315956116
2.0 0.5820265412330627 0.34682464599609375 0.13689839839935303 0.1560751050710678
3.0 0.8134937882423401 0.22806353867053986 0.2070966511964798 0.19651640951633453
