3.0 0.32507073879241943 0.5472546815872192 0.6362499594688416 0.5899064540863037
0.0 0.7274591326713562 0.40245306491851807 0.2022000551223755 0.2621740698814392
3.0 0.9711464643478394 0.33318081498146057 0.05770708993077278 0.15601027011871338
3.0 0.5788626074790955 0.23254847526550293 0.2856769263744354 0.2195691615343094
3.0 0.35253822803497314 0.190938800573349 0.3479117155075073 0.2538614869117737
3.0 0.7037548422813416 0.20204851031303406 0.20287664234638214 0.16062219440937042
3.0 0.8707147240638733 0.20104582607746124 0.1664932817220688 0.11265294998884201
2.0 0.21668291091918945 0.45462727546691895 0.22600698471069336 0.2505417764186859
2.0 0.6192092895507812 0.3735871911048889 0.13403908908367157 0.1538032740354538
3.0 0.8736703991889954 0.31945016980171204 0.20372427999973297 0.19281990826129913
