3.0 0.6613205671310425 0.5825161337852478 0.6213223338127136 0.5730891227722168
0.0 0.2977255880832672 0.3573882281780243 0.19496606290340424 0.2573855221271515
3.0 0.05781392380595207 0.24124808609485626 0.08356217294931412 0.1502375304698944
3.0 0.47833651304244995 0.22200660407543182 0.2804843485355377 0.21168102324008942
3.0 0.708369255065918 0.22825370728969574 0.3420392870903015 0.244154155254364
3.0 0.3624885678291321 0.1662609577178955 0.19903266429901123 0.15505528450012207
3.0 0.19936895370483398 0.13064385950565338 0.16397744417190552 0.10794176161289215
2.0 0.7865662574768066 0.514389157295227 0.21933792531490326 0.24487310647964478
2.0 0.40960878133773804 0.3516070246696472 0.12991006672382355 0.15048013627529144
3.0 0.17191430926322937 0.24585914611816406 0.19881337881088257 0.1874643862247467
