3.0 0.6891500949859619 0.6225773096084595 0.6216997504234314 0.607142448425293
0.0 0.301504909992218 0.35759902000427246 0.2018769532442093 0.255727618932724
3.0 0.060869455337524414 0.23609577119350433 0.08516642451286316 0.15090623497962952
3.0 0.4815882742404938 0.22177232801914215 0.2823939919471741 0.21455609798431396
3.0 0.7115322947502136 0.2307085245847702 0.3442019522190094 0.2476903200149536
3.0 0.3664000332355499 0.1646760106086731 0.20044530928134918 0.15708500146865845
3.0 0.2037079781293869 0.1271541565656662 0.1649060845375061 0.10965666174888611
2.0 0.7863783836364746 0.5177386999130249 0.22177354991436005 0.2469504326581955
2.0 0.41134995222091675 0.35056033730506897 0.13141733407974243 0.1516987681388855
3.0 0.1749081313610077 0.24204057455062866 0.200611412525177 0.1894216537475586
