3.0 0.6642479300498962 0.5765236020088196 0.6035588979721069 0.553238570690155
0.0 0.2926144599914551 0.36492857336997986 0.1864929050207138 0.2516133487224579
3.0 0.04887278005480766 0.25223439931869507 0.07941947132349014 0.1519400179386139
3.0 0.4681209623813629 0.22299213707447052 0.2742233872413635 0.20244285464286804
3.0 0.6982278227806091 0.2207697480916977 0.3349269926548004 0.2328062206506729
3.0 0.35030004382133484 0.17154747247695923 0.19440872967243195 0.14852838218212128
3.0 0.1859802007675171 0.1419573277235031 0.16090822219848633 0.10244779288768768
2.0 0.7869016528129578 0.5038337111473083 0.21147604286670685 0.23811617493629456
2.0 0.40420910716056824 0.3550339639186859 0.12505003809928894 0.14651019871234894
3.0 0.16278409957885742 0.25810492038726807 0.19297665357589722 0.18113656342029572
