3.0 0.664837121963501 0.5752460956573486 0.5997068285942078 0.5489548444747925
0.0 0.29157203435897827 0.3665427565574646 0.184673011302948 0.25035202503204346
3.0 0.04696274176239967 0.2557443678379059 0.07829487323760986 0.151437446475029
3.0 0.4659712612628937 0.22324799001216888 0.2728550434112549 0.20045879483222961
3.0 0.6960539221763611 0.21923914551734924 0.3333685100078583 0.23037180304527283
3.0 0.34775447845458984 0.17271962761878967 0.1933995485305786 0.14712567627429962
3.0 0.1832098513841629 0.14440615475177765 0.16023284196853638 0.10127097368240356
2.0 0.7869227528572083 0.5016061663627625 0.20978079736232758 0.23664942383766174
2.0 0.40308648347854614 0.35578206181526184 0.12400305271148682 0.1456473022699356
3.0 0.16091620922088623 0.2607303261756897 0.19171185791492462 0.17977021634578705
