3.0 0.33615025877952576 0.5773725509643555 0.606106162071228 0.5560752153396606
0.0 0.7066838145256042 0.3638571798801422 0.18769966065883636 0.25244563817977905
3.0 0.9498390555381775 0.24990320205688477 0.08016638457775116 0.1522698849439621
3.0 0.5304451584815979 0.2228308767080307 0.27512624859809875 0.20375849306583405
3.0 0.30032989382743835 0.22179928421974182 0.3359545171260834 0.2344210147857666
3.0 0.6479982733726501 0.17077720165252686 0.19507485628128052 0.14945834875106812
3.0 0.8121628165245056 0.14033713936805725 0.1613529920578003 0.10322873294353485
2.0 0.21312202513217926 0.5053183436393738 0.21259889006614685 0.2390858232975006
2.0 0.595039427280426 0.3545401990413666 0.12574368715286255 0.1470804512500763
3.0 0.8359596133232117 0.2563631236553192 0.19381320476531982 0.1820412129163742
