3.0 0.6753550171852112 0.5456492900848389 0.6403561234474182 0.5945565700531006
0.0 0.271656334400177 0.4045419991016388 0.20421013236045837 0.26348021626472473
3.0 0.028416158631443977 0.3376506567001343 0.056832317262887955 0.1564939320087433
3.0 0.4186892807483673 0.23328255116939545 0.28709301352500916 0.22176116704940796
3.0 0.644622802734375 0.18960018455982208 0.34950846433639526 0.25656217336654663
3.0 0.29352274537086487 0.203928604722023 0.20392657816410065 0.16216810047626495
3.0 0.1265607327222824 0.20445626974105835 0.16717404127120972 0.11396565288305283
2.0 0.7828893065452576 0.4520323574542999 0.22785255312919617 0.2520993649959564
2.0 0.37963706254959106 0.374685138463974 0.13518287241458893 0.15471506118774414
3.0 0.1246904507279396 0.3228827118873596 0.205076202750206 0.1942998170852661
