3.0 0.28713127970695496 0.5873898863792419 0.5742625594139099 0.564702033996582
0.0 0.7071042656898499 0.3948284089565277 0.20010991394519806 0.24863898754119873
3.0 0.966844916343689 0.30156639218330383 0.06631018221378326 0.1474810689687729
3.0 0.5579875707626343 0.2272600531578064 0.272801011800766 0.20038069784641266
3.0 0.3291269838809967 0.20324048399925232 0.3333069384098053 0.23027600347995758
3.0 0.6801535487174988 0.18721280992031097 0.19335971772670746 0.14707045257091522
3.0 0.8465381264686584 0.17332841455936432 0.1602061539888382 0.10122466832399368
2.0 0.2140263020992279 0.4766268730163574 0.20971402525901794 0.23659159243106842
2.0 0.6090981364250183 0.3647645115852356 0.12396181374788284 0.14561325311660767
3.0 0.8586224913597107 0.2911515235900879 0.1916619837284088 0.17971637845039368
