3.0 0.72265625 0.6015625 0.5539062023162842 0.5335937738418579
0.0 0.31171876192092896 0.3890625238418579 0.19375000894069672 0.2500000298023224
3.0 0.03671874850988388 0.28125 0.07109375298023224 0.14453125
3.0 0.45390623807907104 0.22499999403953552 0.26484379172325134 0.18906252086162567
3.0 0.68359375 0.2109375 0.32421875 0.21640624105930328
3.0 0.3335937559604645 0.1796875 0.1875 0.13906249403953552
3.0 0.16796875 0.15859374403953552 0.15625 0.09453124552965164
2.0 0.7867187261581421 0.48906248807907104 0.20000004768371582 0.2281249761581421
2.0 0.3968749940395355 0.36015623807907104 0.11796873807907104 0.140625
3.0 0.15078124403953552 0.2757812440395355 0.18437498807907104 0.171875
