3.0 0.6640347838401794 0.5769794583320618 0.6049279570579529 0.5547627210617065
0.0 0.2929903566837311 0.36435315012931824 0.18714113533496857 0.2520608603954315
3.0 0.049562592059373856 0.25098252296447754 0.07982057332992554 0.1521175503730774
3.0 0.46889036893844604 0.22290466725826263 0.2747088372707367 0.20314957201480865
3.0 0.6990025043487549 0.22132132947444916 0.3354795277118683 0.2336736023426056
3.0 0.3512127697467804 0.17113301157951355 0.19476686418056488 0.1490279585123062
3.0 0.18697573244571686 0.1410866379737854 0.16114744544029236 0.1028672307729721
2.0 0.786889910697937 0.5046305060386658 0.21207933127880096 0.23863734304904938
2.0 0.40461206436157227 0.3547685146331787 0.12542270123958588 0.14681671559810638
3.0 0.16345717012882233 0.25716936588287354 0.1934262365102768 0.18162265419960022
