3.0 0.7522777318954468 0.6412148475646973 0.49544453620910645 0.5626828670501709
0.0 0.34832918643951416 0.3900623023509979 0.22143535315990448 0.26977089047431946
3.0 0.05413707345724106 0.24763651192188263 0.08157247304916382 0.14938652515411377
3.0 0.4787832498550415 0.22580966353416443 0.281573623418808 0.20293818414211273
3.0 0.7044381499290466 0.22528406977653503 0.33931395411491394 0.23975713551044464
3.0 0.3577013611793518 0.16827385127544403 0.19725707173347473 0.15252864360809326
3.0 0.1940862089395523 0.13500720262527466 0.1628040075302124 0.10581134259700775
2.0 0.7867435812950134 0.5102649331092834 0.21629975736141205 0.24227102100849152
2.0 0.40748322010040283 0.35292282700538635 0.12803103029727936 0.1489523947238922
3.0 0.16829198598861694 0.2506055533885956 0.19656361639499664 0.1850208044052124
