3.0 0.3251926600933075 0.5400389432907104 0.650385320186615 0.6103328466415405
0.0 0.7312692403793335 0.41186603903770447 0.2110641449689865 0.267848402261734
3.0 0.9729594588279724 0.35329505801200867 0.05408111959695816 0.15807296335697174
3.0 0.5897676944732666 0.23600871860980988 0.2918279469013214 0.2292361557483673
3.0 0.3653407096862793 0.18514975905418396 0.35483068227767944 0.26578259468078613
3.0 0.7158059477806091 0.2106577754020691 0.20744311809539795 0.16743598878383636
3.0 0.8826664090156555 0.21650497615337372 0.16943122446537018 0.11845441162586212
2.0 0.2187826782464981 0.44304320216178894 0.2341192364692688 0.2573491036891937
2.0 0.624294638633728 0.3785838186740875 0.1390705108642578 0.15778352320194244
3.0 0.8807623982429504 0.3349308967590332 0.2096417248249054 0.1993173062801361
