3.0 0.3405657112598419 0.5861042737960815 0.6317092180252075 0.5847766995429993
0.0 0.6990334987640381 0.3528989553451538 0.19998770952224731 0.2607239782810211
3.0 0.9362870454788208 0.23142097890377045 0.08662163466215134 0.15149901807308197
3.0 0.5154392719268799 0.22159156203269958 0.2841046154499054 0.21715666353702545
3.0 0.2856038212776184 0.23298300802707672 0.34613633155822754 0.2508907914161682
3.0 0.6300111413002014 0.1632682979106903 0.2017117291688919 0.1589202582836151
3.0 0.7922931909561157 0.12401106208562851 0.16573463380336761 0.11121001839637756
2.0 0.21382737159729004 0.5207961797714233 0.22397184371948242 0.24881844222545624
2.0 0.5870490074157715 0.34962210059165955 0.13277842104434967 0.1527937948703766
3.0 0.8223183751106262 0.23858335614204407 0.2022298276424408 0.19118687510490417
