3.0 0.3289768695831299 0.5598692893981934 0.6017207503318787 0.5511935949325562
0.0 0.719750702381134 0.3861462473869324 0.18562375009059906 0.2510118782520294
3.0 0.967009961605072 0.29816263914108276 0.06598012894392014 0.15170074999332428
3.0 0.5591747164726257 0.22751516103744507 0.2735708951950073 0.20149528980255127
3.0 0.3304208815097809 0.20249921083450317 0.3341839909553528 0.2316434532403946
3.0 0.6815139651298523 0.18800029158592224 0.19392743706703186 0.14785850048065186
3.0 0.8479573726654053 0.17484056949615479 0.16058635711669922 0.10188561677932739
2.0 0.21413080394268036 0.4753817617893219 0.2106667011976242 0.2374163419008255
2.0 0.609686017036438 0.3652409017086029 0.12455014139413834 0.1460985243320465
3.0 0.8595286011695862 0.2927151918411255 0.19237306714057922 0.1804843246936798
