3.0 0.3384549021720886 0.5820757150650024 0.6200343370437622 0.5716441869735718
0.0 0.7026627063751221 0.35794058442115784 0.19434696435928345 0.2569695711135864
3.0 0.9424229264259338 0.23700664937496185 0.08429843187332153 0.1540372669696808
3.0 0.5224218368530273 0.2220667451620102 0.2800332307815552 0.21100600063800812
3.0 0.2923728823661804 0.22768625617027283 0.34152790904045105 0.24332423508167267
3.0 0.6384214162826538 0.1666373610496521 0.19869911670684814 0.15457862615585327
3.0 0.801637589931488 0.13146540522575378 0.1637575328350067 0.10753948986530304
2.0 0.21339556574821472 0.5136073231697083 0.2187652885913849 0.2443835735321045
2.0 0.5907957553863525 0.35185420513153076 0.129555806517601 0.15019282698631287
3.0 0.8287777900695801 0.24675516784191132 0.1983899176120758 0.1870039850473404
