3.0 0.32999756932258606 0.5627090334892273 0.593376636505127 0.5419305562973022
0.0 0.7178242206573486 0.3825025260448456 0.18169502913951874 0.2482723742723465
3.0 0.9659022092819214 0.29030609130859375 0.06819552928209305 0.15060220658779144
3.0 0.5546287894248962 0.22656750679016113 0.27059873938560486 0.1972123086452484
3.0 0.32549014687538147 0.20536445081233978 0.3307958245277405 0.22639040648937225
3.0 0.6762930750846863 0.1850208044052124 0.19173650443553925 0.14482973515987396
3.0 0.8424942493438721 0.169091135263443 0.15911592543125153 0.09934761375188828
2.0 0.21376048028469086 0.48014575242996216 0.2070019245147705 0.23423805832862854
2.0 0.6074267029762268 0.36343297362327576 0.12228754162788391 0.14422781765460968
3.0 0.856026828289032 0.2867567241191864 0.1896340698003769 0.17752909660339355
