3.0 0.712973952293396 0.5867011547088623 0.5740521550178528 0.5928150415420532
0.0 0.30254143476486206 0.407294362783432 0.2124198079109192 0.2661910653114319
3.0 0.030393105000257492 0.32397499680519104 0.060786210000514984 0.15036019682884216
3.0 0.42926374077796936 0.23028531670570374 0.2808331251144409 0.2122039943933487
3.0 0.6567432284355164 0.1955408751964569 0.34243452548980713 0.2447972148656845
3.0 0.30535125732421875 0.19602137804031372 0.19929058849811554 0.1554245501756668
3.0 0.13849815726280212 0.18996870517730713 0.16414733231067657 0.10825351625680923
2.0 0.784559965133667 0.46321824193000793 0.21978136897087097 0.24525189399719238
2.0 0.3846692144870758 0.3700390160083771 0.13018442690372467 0.15070241689682007
3.0 0.13196216523647308 0.3082294464111328 0.19914111495018005 0.18782085180282593
