3.0 0.2887314260005951 0.5817485451698303 0.5774628520011902 0.6036142706871033
0.0 0.6994089484214783 0.4115675687789917 0.21736100316047668 0.2697311043739319
3.0 0.970710813999176 0.3343758285045624 0.05857840180397034 0.15156888961791992
3.0 0.5765274167060852 0.23187094926834106 0.28430742025375366 0.2174665927886963
3.0 0.34984877705574036 0.19223643839359283 0.34636545181274414 0.2512723505496979
3.0 0.7011489272117615 0.20028308033943176 0.2018619328737259 0.15913893282413483
3.0 0.8680936694145203 0.19782452285289764 0.16583263874053955 0.11139529198408127
2.0 0.21629802882671356 0.4570995569229126 0.22423353791236877 0.2490403652191162
2.0 0.6181023716926575 0.3725524842739105 0.13294048607349396 0.1529238224029541
3.0 0.8720817565917969 0.31619858741760254 0.20242220163345337 0.19139692187309265
