3.0 0.32910439372062683 0.560232400894165 0.6006657481193542 0.5500205755233765
0.0 0.7195084095001221 0.3856797516345978 0.18512551486492157 0.2506663501262665
3.0 0.966871976852417 0.2971574366092682 0.06625600159168243 0.15156297385692596
3.0 0.5585957765579224 0.2273900806903839 0.2731960117816925 0.20095211267471313
3.0 0.3297893702983856 0.20286007225513458 0.3337569832801819 0.23097701370716095
3.0 0.6808508634567261 0.18761543929576874 0.1936509907245636 0.147474467754364
3.0 0.847265899181366 0.17410223186016083 0.16040128469467163 0.1015634685754776
2.0 0.21407915651798248 0.4759890139102936 0.21020251512527466 0.23701462149620056
2.0 0.6093995571136475 0.3650082051753998 0.1242634728550911 0.1458621770143509
3.0 0.8590874671936035 0.2919520139694214 0.19202668964862823 0.1801101714372635
