3.0 0.6750103831291199 0.540455162525177 0.6499792337417603 0.6091875433921814
0.0 0.2689390480518341 0.4113214313983917 0.21056468784809113 0.2675347328186035
3.0 0.027134520933032036 0.35213321447372437 0.05426904186606407 0.15796171128749847
3.0 0.4108545184135437 0.2357979714870453 0.29148799180984497 0.22869142889976501
3.0 0.635400652885437 0.1854678839445114 0.35444948077201843 0.2651100754737854
3.0 0.28487628698349 0.21015016734600067 0.20719031989574432 0.16705231368541718
3.0 0.11800256371498108 0.2156042456626892 0.16927021741867065 0.11812663078308105
2.0 0.7813507318496704 0.44370585680007935 0.23366402089595795 0.2569698989391327
2.0 0.3759917616844177 0.3782913386821747 0.1387878954410553 0.15756212174892426
3.0 0.11962757259607315 0.3340343236923218 0.20931144058704376 0.19895324110984802
