3.0 0.6632437705993652 0.5786429643630981 0.6098994612693787 0.5603053569793701
0.0 0.29437997937202454 0.3622558116912842 0.18950167298316956 0.25368228554725647
3.0 0.05211725831031799 0.24641643464565277 0.08128354698419571 0.1527574211359024
3.0 0.4717088043689728 0.2226027399301529 0.2764677107334137 0.20572315156459808
3.0 0.7018251419067383 0.22335869073867798 0.3374800682067871 0.23683319985866547
3.0 0.35456356406211853 0.1696375012397766 0.19606497883796692 0.15084680914878845
3.0 0.19064044952392578 0.13792313635349274 0.1620125025510788 0.10439582169055939
2.0 0.7868279814720154 0.507546603679657 0.21427369117736816 0.24052934348583221
2.0 0.4060933589935303 0.35380634665489197 0.12677860260009766 0.14792904257774353
3.0 0.16594305634498596 0.25376078486442566 0.19505921006202698 0.18339000642299652
