3.0 0.32730424404144287 0.5548582077026367 0.6159256100654602 0.567040741443634
0.0 0.7229763269424438 0.3926007151603699 0.19237715005874634 0.255639910697937
3.0 0.968804121017456 0.31205055117607117 0.062391795217990875 0.15352250635623932
3.0 0.5670928955078125 0.22935600578784943 0.2785910964012146 0.20885823667049408
3.0 0.339165598154068 0.19768214225769043 0.3398919701576233 0.2406844198703766
3.0 0.6905320882797241 0.1934243142604828 0.19763325154781342 0.15306174755096436
3.0 0.8572884202003479 0.1851222813129425 0.16305316984653473 0.10626044869422913
2.0 0.2149699479341507 0.4670586884021759 0.21694134175777435 0.24282149970531464
2.0 0.6135678887367249 0.3684956729412079 0.12842772901058197 0.14927570521831512
3.0 0.8654184937477112 0.3032841384410858 0.19703933596611023 0.18553701043128967
