3.0 0.6542407274246216 0.5950949192047119 0.6568620204925537 0.6133668422698975
0.0 0.3097187876701355 0.34174033999443054 0.2123887538909912 0.26867666840553284
3.0 0.07981270551681519 0.20687252283096313 0.0942574068903923 0.15438313782215118
3.0 0.5005325675010681 0.2211643010377884 0.2927255630493164 0.2306808978319168
3.0 0.7293382287025452 0.24570143222808838 0.355836421251297 0.2675667107105255
3.0 0.38948941230773926 0.15637440979480743 0.20811085402965546 0.16845345497131348
3.0 0.22972233593463898 0.10788653790950775 0.1698554903268814 0.11932428181171417
2.0 0.7845116853713989 0.5371532440185547 0.2353254109621048 0.25835222005844116
2.0 0.4217071533203125 0.3448830246925354 0.13981951773166656 0.15836896002292633
3.0 0.1931840479373932 0.22055096924304962 0.2105157971382141 0.20028163492679596
