3.0 0.669634997844696 0.5636962652206421 0.5904249548912048 0.5386614203453064
0.0 0.28286251425743103 0.38123819231987 0.1803116351366043 0.24729979038238525
3.0 0.03449856862425804 0.2875770628452301 0.06899713724851608 0.15020886063575745
3.0 0.44696173071861267 0.22625453770160675 0.26954346895217896 0.19570422172546387
3.0 0.6762198209762573 0.20638395845890045 0.32959139347076416 0.2245417684316635
3.0 0.32554107904434204 0.18400123715400696 0.1909591257572174 0.14376291632652283
3.0 0.15943530201911926 0.16710561513900757 0.15859220921993256 0.09845510125160217
2.0 0.7863501310348511 0.48181015253067017 0.20570902526378632 0.23311321437358856
2.0 0.39336907863616943 0.36281076073646545 0.12148967385292053 0.1435653269290924
3.0 0.1452188938856125 0.2846905291080475 0.1886654943227768 0.1764858365058899
