3.0 0.6603252291679382 0.5844338536262512 0.6268974542617798 0.5793545246124268
0.0 0.2994404435157776 0.3549864590167999 0.1976548433303833 0.25918102264404297
3.0 0.06147786229848862 0.23055259883403778 0.08636629581451416 0.15488409996032715
3.0 0.48165279626846313 0.22176805138587952 0.2824315130710602 0.21461284160614014
3.0 0.7115947008132935 0.23075759410858154 0.3442443907260895 0.2477601319551468
3.0 0.3664778172969818 0.1646450161933899 0.20047305524349213 0.1571250557899475
3.0 0.2037944793701172 0.12708543241024017 0.1649242788553238 0.10969053953886032
2.0 0.7863742709159851 0.5178051590919495 0.22182156145572662 0.24699130654335022
2.0 0.41138461232185364 0.35053977370262146 0.13144704699516296 0.1517227441072464
3.0 0.17496797442436218 0.2419651746749878 0.2006468027830124 0.18946023285388947
