3.0 0.6598795652389526 0.5852746963500977 0.6293248534202576 0.5820881128311157
0.0 0.3002048432826996 0.3539351224899292 0.198830246925354 0.2599601745605469
3.0 0.06289905309677124 0.22825318574905396 0.08710301667451859 0.15517956018447876
3.0 0.4831143319606781 0.22167553007602692 0.28327640891075134 0.21589452028274536
3.0 0.7130059003829956 0.23187261819839478 0.34520015120506287 0.24933725595474243
3.0 0.36824095249176025 0.16394838690757751 0.2010984569787979 0.15802961587905884
3.0 0.20575711131095886 0.12553489208221436 0.16533388197422028 0.11045585572719574
2.0 0.7862768173217773 0.5193089246749878 0.22290551662445068 0.2479131519794464
2.0 0.41217079758644104 0.35007643699645996 0.1321181058883667 0.15226320922374725
3.0 0.1763276606798172 0.24026165902614594 0.2014453113079071 0.19033077359199524
