3.0 0.6749002933502197 0.5402295589447021 0.6501994132995605 0.6098086833953857
0.0 0.2688260078430176 0.4116165339946747 0.2108355313539505 0.26770493388175964
3.0 0.0271717831492424 0.35816118121147156 0.0543435662984848 0.15404120087623596
3.0 0.41051721572875977 0.2359120100736618 0.2916724383831024 0.22898682951927185
3.0 0.6349989175796509 0.1852952390909195 0.3546563386917114 0.26547476649284363
3.0 0.28450635075569153 0.21042509377002716 0.2073274701833725 0.16726037859916687
3.0 0.11763973534107208 0.21609224379062653 0.16935759782791138 0.11830437183380127
2.0 0.7812786102294922 0.44334664940834045 0.23391090333461761 0.25717559456825256
2.0 0.37583643198013306 0.37844979763031006 0.13894116878509521 0.15768222510814667
3.0 0.11941596120595932 0.3345201313495636 0.2094905972480774 0.1991507112979889
