3.0 0.33328354358673096 0.570984959602356 0.5866978168487549 0.534538984298706
0.0 0.7117889523506165 0.3719434142112732 0.17856943607330322 0.24606917798519135
3.0 0.9591649770736694 0.26746803522109985 0.07453857362270355 0.14970877766609192
3.0 0.541130006313324 0.22421392798423767 0.26820820569992065 0.1938050389289856
3.0 0.31122636795043945 0.21429331600666046 0.32806631922721863 0.22221441566944122
3.0 0.6606062650680542 0.17674042284488678 0.18997584283351898 0.14241917431354523
3.0 0.8258242607116699 0.15266506373882294 0.15792833268642426 0.0973319485783577
2.0 0.21313071250915527 0.4942317306995392 0.20407900214195251 0.23169247806072235
2.0 0.6005879044532776 0.35832035541534424 0.12048403173685074 0.1427282840013504
3.0 0.8451209664344788 0.2695237696170807 0.18744271993637085 0.17517003417015076
