3.0 0.259408563375473 0.5949683785438538 0.518817126750946 0.5971580743789673
0.0 0.6825650334358215 0.41280001401901245 0.2195524275302887 0.27252304553985596
3.0 0.970252513885498 0.32993078231811523 0.05949493497610092 0.15106201171875
3.0 0.5728039741516113 0.23576214909553528 0.28498852252960205 0.20622961223125458
3.0 0.3470289707183838 0.1936282366514206 0.3447086811065674 0.24852514266967773
3.0 0.6983882188796997 0.19844859838485718 0.20077677071094513 0.15756388008594513
3.0 0.8653033375740051 0.19445711374282837 0.16512331366539001 0.11006173491477966
2.0 0.21591603755950928 0.45970654487609863 0.22234752774238586 0.24743881821632385
2.0 0.6169270873069763 0.3714733421802521 0.13177265226840973 0.15198513865470886
3.0 0.8703782558441162 0.31278955936431885 0.20103439688682556 0.18988268077373505
