3.0 0.3327704071998596 0.5697675347328186 0.5829366445541382 0.53038489818573
0.0 0.7127169966697693 0.37349095940589905 0.17681638896465302 0.24482454359531403
3.0 0.9608481526374817 0.2708219885826111 0.07346396148204803 0.14920035004615784
3.0 0.543139636516571 0.22452114522457123 0.26685765385627747 0.191894069314003
3.0 0.3133144676685333 0.2129245549440384 0.3265226483345032 0.21987345814704895
3.0 0.6629589200019836 0.17791999876499176 0.18898168206214905 0.14106683433055878
3.0 0.8283479809761047 0.1550498753786087 0.15725556015968323 0.09620275348424911
2.0 0.21318040788173676 0.4921403229236603 0.2024368792772293 0.23025833070278168
2.0 0.6016181707382202 0.3590575158596039 0.11947119981050491 0.1418830007314682
3.0 0.8467922210693359 0.27204617857933044 0.18620902299880981 0.17384390532970428
