3.0 0.6612102389335632 0.5827315449714661 0.6219512224197388 0.573794960975647
0.0 0.2979162335395813 0.3571182191371918 0.19526860117912292 0.2575884461402893
3.0 0.058649420738220215 0.23521095514297485 0.08487376570701599 0.15427546203136444
3.0 0.47870779037475586 0.22197791934013367 0.28070443868637085 0.21201090514659882
3.0 0.708732008934021 0.22853223979473114 0.34228867292404175 0.24455976486206055
3.0 0.362934410572052 0.1660776138305664 0.19919539988040924 0.1552882045507431
3.0 0.1998625099658966 0.13024269044399261 0.16408465802669525 0.10813839733600616
2.0 0.7865467667579651 0.5147718787193298 0.21961764991283417 0.2451120764017105
2.0 0.409807026386261 0.3514864444732666 0.1300831288099289 0.15062038600444794
3.0 0.17225401103496552 0.24542121589183807 0.1990201324224472 0.18768925964832306
