3.0 0.6571842432022095 0.5901463031768799 0.6431759595870972 0.5977563858032227
0.0 0.3047865629196167 0.3478659689426422 0.20559591054916382 0.2643742263317108
3.0 0.0714539885520935 0.21495282649993896 0.09136439114809036 0.156822070479393
3.0 0.49167299270629883 0.22128815948963165 0.288062185049057 0.2232724130153656
3.0 0.7211427688598633 0.23854315280914307 0.3506000339984894 0.25842490792274475
3.0 0.37862733006477356 0.1600591093301773 0.20464561879634857 0.16323360800743103
3.0 0.21740034222602844 0.11667191982269287 0.16763852536678314 0.11487160623073578
2.0 0.7855485081672668 0.5280948281288147 0.22912292182445526 0.2531685531139374
2.0 0.416818231344223 0.3474489152431488 0.13597045838832855 0.15534059703350067
3.0 0.1844601333141327 0.2304403930902481 0.20600488781929016 0.19531790912151337
