3.0 0.8509864211082458 0.7076204419136047 0.2980272173881531 0.5104327201843262
0.0 0.4424744248390198 0.42299148440361023 0.26664987206459045 0.32020819187164307
3.0 0.07285356521606445 0.2171095460653305 0.09107442200183868 0.15322847664356232
3.0 0.5160956978797913 0.23077742755413055 0.3000310957431793 0.2266363948583603
3.0 0.7393644452095032 0.24258635938167572 0.3622853755950928 0.2697155475616455
3.0 0.38121986389160156 0.1591445803642273 0.20549508929252625 0.16449986398220062
3.0 0.22032800316810608 0.11453073471784592 0.16818536818027496 0.11594951152801514
2.0 0.7853262424468994 0.5302687883377075 0.2306307852268219 0.25443440675735474
2.0 0.4179824888706207 0.34681981801986694 0.13690561056137085 0.15608081221580505
3.0 0.18652227520942688 0.2280450314283371 0.2071051299571991 0.1965257227420807
