3.0 0.328177273273468 0.5575343370437622 0.6084212064743042 0.5586560368537903
0.0 0.7212810516357422 0.38914987444877625 0.188798725605011 0.2532007694244385
3.0 0.9678711891174316 0.30463001132011414 0.0642576590180397 0.15256796777248383
3.0 0.5628805160522461 0.22834640741348267 0.27594539523124695 0.20495674014091492
3.0 0.3344886600971222 0.2002170830965042 0.3368862271308899 0.23589210212230682
3.0 0.6857466101646423 0.19050149619579315 0.19567939639091492 0.15030521154403687
3.0 0.8523538708686829 0.1796099990606308 0.16175590455532074 0.10394041240215302
2.0 0.21449261903762817 0.47149044275283813 0.2136206328868866 0.23996686935424805
2.0 0.6115112900733948 0.36674734950065613 0.1263750195503235 0.14759843051433563
3.0 0.8623185157775879 0.29763129353523254 0.19457361102104187 0.18286414444446564
