3.0 0.3242076635360718 0.543935239315033 0.6446704864501953 0.5994545221328735
0.0 0.7292646765708923 0.40677574276924133 0.20633220672607422 0.2648470401763916
3.0 0.9720292091369629 0.3424265384674072 0.05594153702259064 0.15699464082717896
3.0 0.5839106440544128 0.23408904671669006 0.288574755191803 0.22407540678977966
3.0 0.3584143817424774 0.1882030963897705 0.3511768877506256 0.259414941072464
3.0 0.7093577980995178 0.20595844089984894 0.2050260454416275 0.16379965841770172
3.0 0.8763067126274109 0.2081160545349121 0.16788367927074432 0.1153532937169075
2.0 0.21759244799613953 0.44927293062210083 0.22979722917079926 0.2537350654602051
2.0 0.6215806007385254 0.375866174697876 0.1363886147737503 0.15567192435264587
3.0 0.8770207762718201 0.32655513286590576 0.2064971923828125 0.19585813581943512
