3.0 0.6606076955795288 0.583895206451416 0.6253370642662048 0.5775991082191467
0.0 0.2989548146724701 0.35566049814224243 0.19690078496932983 0.2586793005466461
3.0 0.06057589501142502 0.23202607035636902 0.08589419722557068 0.15469303727149963
3.0 0.4807189702987671 0.22183121740818024 0.2818874418735504 0.21379061043262482
3.0 0.7106897830963135 0.23004886507987976 0.34362858533859253 0.24674859642982483
3.0 0.36535289883613586 0.16509509086608887 0.20007045567035675 0.15654465556144714
3.0 0.2025444060564041 0.1280817836523056 0.16466011106967926 0.10919982194900513
2.0 0.7864324450492859 0.5168437957763672 0.22112558782100677 0.24639856815338135
2.0 0.41088342666625977 0.3508380651473999 0.13101626932621002 0.15137511491775513
3.0 0.17410367727279663 0.24305763840675354 0.2001335769891739 0.1889011114835739
