3.0 0.656849205493927 0.5907280445098877 0.6448054313659668 0.5996078848838806
0.0 0.305351585149765 0.3471437096595764 0.20639875531196594 0.2648896872997284
3.0 0.0717504620552063 0.21878226101398468 0.09055415540933609 0.15303313732147217
3.0 0.49270573258399963 0.221259206533432 0.2886209785938263 0.2241479754447937
3.0 0.7221099734306335 0.23936432600021362 0.3512289226055145 0.25950443744659424
3.0 0.3798877000808716 0.15961173176765442 0.20506036281585693 0.1638508141040802
3.0 0.21882258355617523 0.1156274676322937 0.1679057776927948 0.11539683490991592
2.0 0.7854424118995667 0.5291526317596436 0.2298581451177597 0.25378620624542236
2.0 0.4173840284347534 0.34714174270629883 0.1364263892173767 0.15570183098316193
3.0 0.18546105921268463 0.22927311062812805 0.20654164254665375 0.19590692222118378
