3.0 0.34419673681259155 0.5925126671791077 0.6497700214385986 0.6052605509757996
0.0 0.6928908228874207 0.3449316918849945 0.20885443687438965 0.2664549946784973
3.0 0.9241870641708374 0.20850570499897003 0.09343000501394272 0.15757609903812408
3.0 0.5041118860244751 0.2211941033601761 0.29031771421432495 0.22682614624500275
3.0 0.2749292552471161 0.24191676080226898 0.3531361222267151 0.2628079354763031
3.0 0.6162188053131104 0.15826278924942017 0.20632046461105347 0.16573823988437653
3.0 0.7767713665962219 0.11244276911020279 0.16871465742588043 0.11700505018234253
2.0 0.21490895748138428 0.5324091911315918 0.23210348188877106 0.2556672990322113
2.0 0.5808656811714172 0.3462086319923401 0.137819305062294 0.15680132806301117
3.0 0.8114280104637146 0.22570016980171204 0.20817752182483673 0.19770468771457672
