3.0 0.9618727564811707 0.6741262674331665 0.0762544646859169 0.4424237608909607
0.0 0.4977954030036926 0.45624276995658875 0.24786263704299927 0.3117211163043976
3.0 0.03741679713129997 0.2797777056694031 0.0715530589222908 0.14475663006305695
3.0 0.49381107091903687 0.23513522744178772 0.28422343730926514 0.1993384063243866
3.0 0.7384156584739685 0.21247555315494537 0.34994247555732727 0.2292345017194748
3.0 0.3346133232116699 0.17915987968444824 0.18794132769107819 0.1396581083536148
3.0 0.1690562218427658 0.1575394868850708 0.1565498560667038 0.09502770006656647
2.0 0.7867520451545715 0.48997440934181213 0.2007245570421219 0.22875989973545074
2.0 0.3973202705383301 0.35982897877693176 0.11841537803411484 0.1409994661808014
3.0 0.15149611234664917 0.274671733379364 0.18492068350315094 0.17246051132678986
