3.0 0.6717203855514526 0.557839035987854 0.6075550317764282 0.5576900839805603
0.0 0.2789159119129181 0.3887575566768646 0.18838723003864288 0.2529183626174927
3.0 0.03223869949579239 0.3037857115268707 0.06447739899158478 0.1524566262960434
3.0 0.4376014471054077 0.22823530435562134 0.27563905715942383 0.20450809597969055
3.0 0.6660428047180176 0.2005111426115036 0.3365378677845001 0.23534128069877625
3.0 0.3148026466369629 0.19017250835895538 0.19545328617095947 0.14998815953731537
3.0 0.14821501076221466 0.17898550629615784 0.16160528361797333 0.10367390513420105
2.0 0.7855575084686279 0.47199690341949463 0.2132381945848465 0.23963722586631775
2.0 0.388725221157074 0.3665497601032257 0.12613868713378906 0.14740465581417084
3.0 0.13804101943969727 0.29698896408081055 0.19428907334804535 0.1825561374425888
