3.0 0.33335885405540466 0.5711615681648254 0.5872418880462646 0.535140335559845
0.0 0.7116531729698181 0.3717190623283386 0.17882344126701355 0.2462489902973175
3.0 0.9590226411819458 0.2724493741989136 0.07383879274129868 0.14586156606674194
3.0 0.5408377051353455 0.2241705060005188 0.2684033215045929 0.19408191740512848
3.0 0.31092369556427 0.2144935131072998 0.3282892405986786 0.22255367040634155
3.0 0.6602636575698853 0.17657041549682617 0.19011949002742767 0.14261509478092194
3.0 0.8254559636116028 0.1523199826478958 0.15802542865276337 0.09749563783407211
2.0 0.21312476694583893 0.4945357143878937 0.20431677997112274 0.2318999022245407
2.0 0.6004377007484436 0.3582138419151306 0.12063070386648178 0.14285050332546234
3.0 0.8448765873908997 0.26915818452835083 0.18762119114398956 0.1753620058298111
