3.0 0.6687426567077637 0.5660239458084106 0.5833606123924255 0.5308528542518616
0.0 0.2845169007778168 0.3782622218132019 0.17701373994350433 0.24496498703956604
3.0 0.03530104085803032 0.28661608695983887 0.07060208171606064 0.14534282684326172
3.0 0.4507327079772949 0.2255507856607437 0.26701003313064575 0.19210919737815857
3.0 0.6802424788475037 0.20883603394031525 0.32669690251350403 0.22013695538043976
3.0 0.32990482449531555 0.18163107335567474 0.18909384310245514 0.14121907949447632
3.0 0.1640472114086151 0.16245190799236298 0.15733154118061066 0.09632983058691025
2.0 0.7865732312202454 0.4857512414455414 0.20262184739112854 0.23042002320289612
2.0 0.39526650309562683 0.36135679483413696 0.11958526819944382 0.14197830855846405
3.0 0.14821451902389526 0.27983012795448303 0.1863480806350708 0.1739933043718338
