3.0 0.7130217552185059 0.5737782716751099 0.5739564895629883 0.5968967080116272
0.0 0.2996425926685333 0.41274258494377136 0.22266943752765656 0.2716739773750305
3.0 0.028822530061006546 0.33911561965942383 0.05764506012201309 0.15209361910820007
3.0 0.4208592474460602 0.2326306402683258 0.2858388125896454 0.2198188155889511
3.0 0.6471402645111084 0.19078560173511505 0.3480943739414215 0.2541690170764923
3.0 0.29593533277511597 0.2022605985403061 0.2029966413974762 0.16079829633235931
3.0 0.1289745718240738 0.20143155753612518 0.166571244597435 0.11280238628387451
2.0 0.7832697629928589 0.4543326199054718 0.2262173742055893 0.2507195770740509
2.0 0.3806593120098114 0.3737112581729889 0.13416945934295654 0.1539073884487152
3.0 0.12614203989505768 0.31983891129493713 0.20387855172157288 0.19298866391181946
