3.0 0.6620557904243469 0.5810626745223999 0.6170610189437866 0.5683119297027588
0.0 0.2964518070220947 0.3592122495174408 0.1929207146167755 0.25600776076316833
3.0 0.05550583824515343 0.24523340165615082 0.08232100307941437 0.14970944821834564
3.0 0.47583845257759094 0.22221258282661438 0.27899008989334106 0.20945091545581818
3.0 0.7059180736541748 0.22639164328575134 0.34034475684165955 0.24141275882720947
3.0 0.3594941198825836 0.16751055419445038 0.1979280710220337 0.15348036587238312
3.0 0.196060910820961 0.13336119055747986 0.1632482409477234 0.10661326348781586
2.0 0.786683976650238 0.5118126273155212 0.21744494140148163 0.24325323104858398
2.0 0.4082784950733185 0.35242557525634766 0.1287391632795334 0.14952923357486725
3.0 0.16964305937290192 0.24881862103939056 0.19741252064704895 0.185942143201828
