3.0 0.6574232578277588 0.5897282958030701 0.6420018672943115 0.5964233875274658
0.0 0.30438295006752014 0.3483852446079254 0.20501835644245148 0.26400226354599
3.0 0.07069802284240723 0.21609266102313995 0.09099919348955154 0.15668585896492004
3.0 0.4909323751926422 0.2213112711906433 0.2876589596271515 0.22264257073402405
3.0 0.7204471826553345 0.23795640468597412 0.35014602541923523 0.2576484978199005
3.0 0.37772440910339355 0.16038283705711365 0.2043464332818985 0.16278956830501556
3.0 0.2163826823234558 0.11742424964904785 0.16744542121887207 0.11449393630027771
2.0 0.7856221199035645 0.5273359417915344 0.22859367728233337 0.2527233958244324
2.0 0.4164131283760071 0.3476704955101013 0.13564230501651764 0.15508019924163818
3.0 0.18374492228031158 0.23127985000610352 0.20561817288398743 0.19489382207393646
