3.0 0.6716861724853516 0.5579406023025513 0.6072657704353333 0.5573676228523254
0.0 0.2789817452430725 0.3886268138885498 0.1882498860359192 0.25282400846481323
3.0 0.0322754867374897 0.3035043478012085 0.0645509734749794 0.15241940319538116
3.0 0.43776217103004456 0.22819843888282776 0.2755367159843445 0.20435836911201477
3.0 0.66621994972229 0.20060940086841583 0.3364214599132538 0.23515744507312775
3.0 0.31498590111732483 0.19006302952766418 0.19537776708602905 0.14988233149051666
3.0 0.14840492606163025 0.1787775158882141 0.1615549623966217 0.10358497500419617
2.0 0.7855740189552307 0.4721657931804657 0.2131105214357376 0.2395271509885788
2.0 0.388804167509079 0.3664839565753937 0.12605980038642883 0.14733992516994476
3.0 0.13816115260124207 0.2967749238014221 0.19419406354427338 0.18245331943035126
