3.0 0.3308292627334595 0.5649192333221436 0.5867317914962769 0.5345765352249146
0.0 0.7162744402885437 0.37967371940612793 0.17858529090881348 0.2460804134607315
3.0 0.9649935960769653 0.28419816493988037 0.07001283019781113 0.14971335232257843
3.0 0.551060676574707 0.2258787751197815 0.2682203948497772 0.19382232427597046
3.0 0.32166510820388794 0.20766377449035645 0.3280802369117737 0.22223559021949768
3.0 0.6721731424331665 0.18275001645088196 0.18998481333255768 0.14243140816688538
3.0 0.8381525874137878 0.1646556854248047 0.15793439745903015 0.09734217077493668
2.0 0.21352604031562805 0.48387786746025085 0.20409385859966278 0.2317054271697998
2.0 0.6056377291679382 0.3620445430278778 0.12049318850040436 0.14273591339588165
3.0 0.8532174825668335 0.28213492035865784 0.18745385110378265 0.1751820147037506
