3.0 0.6760486364364624 0.542896568775177 0.6472498774528503 0.6023889183998108
0.0 0.2701888978481293 0.4081309735774994 0.20760603249073029 0.26566141843795776
3.0 0.02771168015897274 0.3453221023082733 0.05542336031794548 0.15729017555713654
3.0 0.41452085971832275 0.2345890998840332 0.2894575297832489 0.2254646271467209
3.0 0.6397423148155212 0.1873726099729538 0.3521696627140045 0.2611282169818878
3.0 0.28890979290008545 0.20719961822032928 0.2056814730167389 0.16477879881858826
3.0 0.12197654694318771 0.2103428691625595 0.16830506920814514 0.11618715524673462
2.0 0.7821031212806702 0.44760647416114807 0.23096267879009247 0.2547125518321991
2.0 0.3776886463165283 0.3765861392021179 0.13711149990558624 0.15624339878559113
3.0 0.12196177244186401 0.3287840783596039 0.20734700560569763 0.19679148495197296
