3.0 0.6696413159370422 0.5636793375015259 0.5904757380485535 0.5387176275253296
0.0 0.2828506827354431 0.38125982880592346 0.1803354173898697 0.24731653928756714
3.0 0.034491632133722305 0.287623792886734 0.06898326426744461 0.15021565556526184
3.0 0.44693443179130554 0.22625982761383057 0.26956164836883545 0.19573014974594116
3.0 0.6761905550956726 0.2063663899898529 0.329612135887146 0.2245735377073288
3.0 0.32550957798957825 0.18401862680912018 0.19097252190113068 0.14378125965595245
3.0 0.15940211713314056 0.16713957488536835 0.15860123932361603 0.09847044199705124
2.0 0.786348283290863 0.48178160190582275 0.20573125779628754 0.23313257098197937
2.0 0.3933553993701935 0.36282140016555786 0.12150339782238007 0.1435767412185669
3.0 0.14519743621349335 0.28472593426704407 0.1886821687221527 0.17650377750396729
