3.0 0.33203125 0.5679687261581421 0.5773437023162842 0.5242187976837158
0.0 0.714062511920929 0.37578123807907104 0.17421875894069672 0.24296873807907104
3.0 0.9632812738418579 0.28125 0.07109375298023224 0.14453125
3.0 0.546093761920929 0.22499999403953552 0.26484379172325134 0.18906252086162567
3.0 0.31640625 0.2109375 0.32421875 0.21640624105930328
3.0 0.6664062738418579 0.1796875 0.1875 0.13906249403953552
3.0 0.83203125 0.15859374403953552 0.15625 0.09453124552965164
2.0 0.2132812738418579 0.48906248807907104 0.20000004768371582 0.2281249761581421
2.0 0.6031249761581421 0.36015623807907104 0.11796873807907104 0.140625
3.0 0.8492187857627869 0.2757812440395355 0.18437498807907104 0.171875
