3.0 0.3401154577732086 0.5852653384208679 0.6292978525161743 0.5820577144622803
0.0 0.6998037099838257 0.35394683480262756 0.198817178606987 0.25995153188705444
3.0 0.9376922845840454 0.2337171733379364 0.08590689301490784 0.1512095183134079
3.0 0.516901969909668 0.2216765284538269 0.2832670211791992 0.21588025987148285
3.0 0.2870098352432251 0.23186014592647552 0.34518954157829285 0.24931971728801727
3.0 0.6317787170410156 0.16395610570907593 0.20109151303768158 0.158019557595253
3.0 0.7942647933959961 0.12555211782455444 0.16532935202121735 0.11044734716415405
2.0 0.21372203528881073 0.5192921757698059 0.22289346158504486 0.24790291488170624
2.0 0.5878379940986633 0.35008156299591064 0.13211064040660858 0.15225720405578613
3.0 0.8236875534057617 0.24028059840202332 0.20143644511699677 0.19032110273838043
