3.0 0.6605697274208069 0.5839678645133972 0.6255477070808411 0.5778360366821289
0.0 0.2990201413631439 0.3555695712566376 0.19700251519680023 0.25874707102775574
3.0 0.06069713830947876 0.23182736337184906 0.08595786243677139 0.15471889078617096
3.0 0.48084479570388794 0.22182251513004303 0.28196093440055847 0.21390153467655182
3.0 0.7108118534088135 0.2301441878080368 0.343711793422699 0.24688506126403809
3.0 0.3655043840408325 0.1650342345237732 0.2001248449087143 0.156622976064682
3.0 0.20271265506744385 0.12794728577136993 0.16469581425189972 0.1092660203576088
2.0 0.7864248156547546 0.5169733166694641 0.2212195098400116 0.2464786022901535
2.0 0.4109508991241455 0.35079777240753174 0.13107439875602722 0.15142205357551575
3.0 0.17421992123126984 0.2429102659225464 0.2002028524875641 0.18897657096385956
