3.0 0.33024099469184875 0.5633649826049805 0.5914183855056763 0.5397612452507019
0.0 0.7173689007759094 0.3816623091697693 0.18077686429023743 0.24762731790542603
3.0 0.9656368494033813 0.28849267959594727 0.06872633099555969 0.15034151077270508
3.0 0.5535725951194763 0.22635860741138458 0.2698988616466522 0.19621138274669647
3.0 0.32435372471809387 0.20604050159454346 0.32999709248542786 0.22516338527202606
3.0 0.6750754714012146 0.1843424141407013 0.19122089445590973 0.1441217064857483
3.0 0.8412139415740967 0.1677711009979248 0.1587686687707901 0.09875518083572388
2.0 0.21368594467639923 0.48125118017196655 0.20614396035671234 0.23349180817604065
2.0 0.6068985462188721 0.3630191683769226 0.12175805866718292 0.14378833770751953
3.0 0.8552007675170898 0.28538355231285095 0.1889914572238922 0.17683683335781097
