3.0 0.6721184849739075 0.5566434264183044 0.6109402179718018 0.5614672899246216
0.0 0.2781476378440857 0.3902977406978607 0.18999716639518738 0.2540209889411926
3.0 0.03181185573339462 0.30709949135780334 0.06362371146678925 0.1528903841972351
3.0 0.435712993144989 0.22867581248283386 0.2768351137638092 0.20626336336135864
3.0 0.6639560461044312 0.19936364889144897 0.3378976583480835 0.23749664425849915
3.0 0.31265243887901306 0.19146794080734253 0.19633623957633972 0.15122853219509125
3.0 0.14599104225635529 0.18143972754478455 0.16219286620616913 0.10471691936254501
2.0 0.7853558659553528 0.4700116813182831 0.2147338092327118 0.24092531204223633
2.0 0.38779982924461365 0.3673268258571625 0.12706297636032104 0.14816175401210785
3.0 0.13663794100284576 0.2995110750198364 0.195401132106781 0.18376043438911438
