3.0 0.3396977186203003 0.5947064757347107 0.6451951265335083 0.5837727189064026
0.0 0.6964269280433655 0.34943604469299316 0.2038489282131195 0.2632463276386261
3.0 0.9315167665481567 0.22382187843322754 0.08898639678955078 0.1524336189031601
3.0 0.5105614066123962 0.2213638722896576 0.28683942556381226 0.2213672697544098
3.0 0.28096067905426025 0.23677848279476166 0.34922268986701965 0.25607675313949585
3.0 0.6240943670272827 0.161043182015419 0.2037385106086731 0.16189034283161163
3.0 0.7856640219688416 0.11895006895065308 0.16705232858657837 0.11372964829206467
2.0 0.21423543989658356 0.5258044600486755 0.2275211662054062 0.25182005763053894
2.0 0.5844022035598755 0.3481207489967346 0.13497745990753174 0.15455161035060883
3.0 0.8176910281181335 0.23297898471355438 0.20483368635177612 0.1940341591835022
