3.0 0.6581788063049316 0.58838951587677 0.6382232904434204 0.5921397805213928
0.0 0.3031037747859955 0.3500502407550812 0.20316490530967712 0.262802392244339
3.0 0.06830494850873947 0.21974484622478485 0.08982905000448227 0.15624356269836426
3.0 0.4885684549808502 0.2213982194662094 0.28635814785957336 0.22062133252620697
3.0 0.7182161808013916 0.23609568178653717 0.3486801087856293 0.2551576495170593
3.0 0.3748476505279541 0.1614323854446411 0.20338164269924164 0.16136430203914642
3.0 0.21314731240272522 0.11984408646821976 0.16682107746601105 0.11328285187482834
2.0 0.7858437895774841 0.5249118804931641 0.22689330577850342 0.2512904107570648
2.0 0.415123850107193 0.3483850657939911 0.1345883160829544 0.15424159169197083
3.0 0.1814766228199005 0.2339724749326706 0.20437392592430115 0.19353073835372925
