3.0 0.32392027974128723 0.5427689552307129 0.6475650072097778 0.6027477383613586
0.0 0.7298776507377625 0.408297598361969 0.2077619433403015 0.26576077938079834
3.0 0.9723196029663086 0.34567803144454956 0.05536080151796341 0.1573260873556137
3.0 0.5856715440750122 0.2346511334180832 0.28956520557403564 0.22563466429710388
3.0 0.36048439145088196 0.187271386384964 0.35229071974754333 0.2613379657268524
3.0 0.7113023996353149 0.20735272765159607 0.20576146245002747 0.16489863395690918
3.0 0.8782333731651306 0.21061699092388153 0.16835640370845795 0.11628926545381546
2.0 0.21793492138385773 0.4474019706249237 0.23110522329807281 0.2548319697380066
2.0 0.6224007606506348 0.3766748607158661 0.13719993829727173 0.1563131958246231
3.0 0.8781622648239136 0.3290582001209259 0.20745085179805756 0.19690561294555664
