3.0 0.3347376585006714 0.5743075013160706 0.5968624353408813 0.545796275138855
0.0 0.7091835141181946 0.36773017048835754 0.18333296477794647 0.24941861629486084
3.0 0.954418957233429 0.25832459330558777 0.07746816426515579 0.15106356143951416
3.0 0.5356019735336304 0.22344596683979034 0.271842360496521 0.19899791479110718
3.0 0.305545836687088 0.21812878549098969 0.33221426606178284 0.22857990860939026
3.0 0.6541041731834412 0.17359068989753723 0.19265298545360565 0.14609262347221375
3.0 0.8188071846961975 0.1462133824825287 0.15973204374313354 0.10040513426065445
2.0 0.21307273209095 0.49997448921203613 0.20853108167648315 0.23556606471538544
2.0 0.5977320671081543 0.35633549094200134 0.1232314482331276 0.14500968158245087
3.0 0.840438961982727 0.26266247034072876 0.19077812135219574 0.1787625551223755
