3.0 0.946093738079071 0.671093761920929 0.10703122615814209 0.44999995827674866
0.0 0.48515623807907104 0.44999998807907104 0.24687501788139343 0.30546870827674866
3.0 0.03671874850988388 0.28125 0.07109375298023224 0.14453125
3.0 0.4898437559604645 0.234375 0.28046876192092896 0.19453126192092896
3.0 0.729687511920929 0.21406249701976776 0.34453117847442627 0.22812500596046448
3.0 0.3335937559604645 0.1796875 0.1875 0.13906249403953552
3.0 0.16796875 0.15859374403953552 0.15625 0.09453124552965164
2.0 0.7867187261581421 0.48906248807907104 0.20000004768371582 0.2281249761581421
2.0 0.3968749940395355 0.36015623807907104 0.11796873807907104 0.140625
3.0 0.15078124403953552 0.2757812440395355 0.18437498807907104 0.171875
