3.0 0.34046584367752075 0.5859191417694092 0.6311778426170349 0.5841772556304932
0.0 0.6992042064666748 0.35313016176223755 0.19972951710224152 0.26055389642715454
3.0 0.9360009431838989 0.2264917492866516 0.08766737580299377 0.15540364384651184
3.0 0.5157625079154968 0.2216096669435501 0.28392019867897034 0.2168751209974289
3.0 0.28591400384902954 0.23273424804210663 0.3459279239177704 0.2505442202091217
3.0 0.6304020285606384 0.16341948509216309 0.2015751600265503 0.15872159600257874
3.0 0.7927295565605164 0.12435071170330048 0.16564546525478363 0.11104174703359604
2.0 0.21380341053009033 0.5204638838768005 0.2237340807914734 0.24861672520637512
2.0 0.5872235298156738 0.34972327947616577 0.13263116776943207 0.1526755839586258
3.0 0.8226217031478882 0.23895779252052307 0.20205499231815338 0.19099600613117218
