3.0 0.3259129822254181 0.550268828868866 0.6283674836158752 0.581009566783905
0.0 0.7257404923439026 0.3985391855239868 0.19836631417274475 0.2596530616283417
3.0 0.9702718257904053 0.3247964382171631 0.059456389397382736 0.15506328642368317
3.0 0.574231743812561 0.2312263399362564 0.28294339776039124 0.21538864076137543
3.0 0.3472224473953247 0.19353170692920685 0.3448235094547272 0.24871471524238586
3.0 0.6985785961151123 0.19857391715049744 0.2008519321680069 0.15767261385917664
3.0 0.8654961585998535 0.1946878284215927 0.1651725322008133 0.11015372723340988
2.0 0.21594153344631195 0.4595271944999695 0.22247780859470367 0.2475496083498001
2.0 0.6170082092285156 0.3715471923351288 0.13185329735279083 0.15205009281635284
3.0 0.870496392250061 0.3130234479904175 0.20113036036491394 0.18998731672763824
