3.0 0.6651286482810974 0.5746040344238281 0.5977623462677002 0.5467951893806458
0.0 0.29105424880981445 0.3673548996448517 0.18375660479068756 0.24971413612365723
3.0 0.046015623956918716 0.2575092613697052 0.07772939652204514 0.1511821150779724
3.0 0.46489450335502625 0.22338250279426575 0.2721629738807678 0.1994597613811493
3.0 0.694959819316864 0.21847830712795258 0.33257976174354553 0.229146346449852
3.0 0.34648197889328003 0.17331458628177643 0.19288931787014008 0.1464192271232605
3.0 0.18182842433452606 0.14564166963100433 0.15989068150520325 0.10067880153656006
2.0 0.7869268655776978 0.5004895329475403 0.20892630517482758 0.2359088659286499
2.0 0.40252599120140076 0.3561602830886841 0.12347544729709625 0.14521145820617676
3.0 0.15998762845993042 0.2620517313480377 0.19107353687286377 0.1790812611579895
