3.0 0.6739183664321899 0.550849199295044 0.6268235445022583 0.5792713761329651
0.0 0.27459922432899475 0.3977867662906647 0.19761909544467926 0.2591572701931
3.0 0.029904687777161598 0.32318317890167236 0.059809375554323196 0.15487506985664368
3.0 0.42666518688201904 0.23098023235797882 0.2824057340621948 0.21457386016845703
3.0 0.6537989377975464 0.19404299557209015 0.3442152440547943 0.2477121651172638
3.0 0.3024279475212097 0.19791322946548462 0.2004539966583252 0.15709753334522247
3.0 0.1355242282152176 0.19347040355205536 0.16491177678108215 0.10966726392507553
2.0 0.784191906452179 0.4604749083518982 0.22178857028484344 0.246963232755661
2.0 0.3834208846092224 0.37115761637687683 0.1314266324043274 0.1517062783241272
3.0 0.1301293522119522 0.3117886781692505 0.20062248408794403 0.1894337236881256
