3.0 0.68504399061203 0.6269514560699463 0.6299120187759399 0.618786633014679
0.0 0.30474600195884705 0.3531864583492279 0.20675672590732574 0.25911790132522583
3.0 0.06689389795064926 0.2263210117816925 0.08820879459381104 0.15213027596473694
3.0 0.4878280460834503 0.22142958641052246 0.2859463691711426 0.21998482942581177
3.0 0.7175140380859375 0.23551665246486664 0.3482156991958618 0.2543735206127167
3.0 0.37394827604293823 0.1617662012577057 0.20307637751102448 0.16091538965702057
3.0 0.21213796734809875 0.12060780823230743 0.16662301123142242 0.11290176212787628
2.0 0.7859089374542236 0.5241521000862122 0.22635723650455475 0.2508377432823181
2.0 0.41472119092941284 0.3486112058162689 0.13425612449645996 0.15397658944129944
3.0 0.18077071011066437 0.23481996357440948 0.20398108661174774 0.19310083985328674
