3.0 0.12675908207893372 0.6686967015266418 0.25351816415786743 0.48975908756256104
0.0 0.5654003024101257 0.42955633997917175 0.23796960711479187 0.298859566450119
3.0 0.9548465013504028 0.26421254873275757 0.07640701532363892 0.14706936478614807
3.0 0.5126698613166809 0.2305944710969925 0.28260576725006104 0.199164018034935
3.0 0.28941330313682556 0.21855664253234863 0.3416827321052551 0.23644092679023743
3.0 0.6544078588485718 0.17373424768447876 0.19253022968769073 0.14592312276363373
3.0 0.8191362619400024 0.14651019871234894 0.15964959561824799 0.10026314109563828
2.0 0.21307288110256195 0.4997074604034424 0.20832593739032745 0.23538805544376373
2.0 0.5978657007217407 0.35642650723457336 0.12310480326414108 0.14490489661693573
3.0 0.8406596779823303 0.2629793584346771 0.19062474370002747 0.1785971075296402
