3.0 0.6740950345993042 0.5502411127090454 0.6284409165382385 0.5810922384262085
0.0 0.27424341440200806 0.3985750675201416 0.19840188324451447 0.25967663526535034
3.0 0.029719842597842216 0.3248733878135681 0.05943968519568443 0.15507222712039948
3.0 0.425725519657135 0.23123814165592194 0.2829689383506775 0.215427428483963
3.0 0.652728796005249 0.19350741803646088 0.34485241770744324 0.24876244366168976
3.0 0.3013734817504883 0.1986054927110672 0.2008708417415619 0.15769998729228973
3.0 0.13445526361465454 0.1947459578514099 0.16518491506576538 0.11017688363790512
2.0 0.7840520143508911 0.45948201417922974 0.22251060605049133 0.2475774884223938
2.0 0.3829713463783264 0.3715658187866211 0.13187360763549805 0.1520664393901825
3.0 0.12947389483451843 0.31308236718177795 0.20115451514720917 0.19001366198062897
