3.0 0.6754454374313354 0.5453005433082581 0.6412398815155029 0.5955588221549988
0.0 0.2714669704437256 0.40499624609947205 0.20464394986629486 0.26376065611839294
3.0 0.02832372486591339 0.33862221240997314 0.05664744973182678 0.15659713745117188
3.0 0.4181590676307678 0.23344476521015167 0.28739702701568604 0.22223426401615143
3.0 0.644005298614502 0.18931321799755096 0.34985101222991943 0.2571452260017395
3.0 0.2929344177246094 0.20433977246284485 0.20415210723876953 0.16250167787075043
3.0 0.12597377598285675 0.2051994353532791 0.1673198789358139 0.11424918472766876
2.0 0.7827933430671692 0.45146992802619934 0.2282504290342331 0.25243449211120605
2.0 0.37938812375068665 0.37492474913597107 0.1354295015335083 0.15491116046905518
3.0 0.12433899194002151 0.32362937927246094 0.20536722242832184 0.19461873173713684
