3.0 0.32549822330474854 0.5488095879554749 0.6322118043899536 0.5853438377380371
0.0 0.7265819907188416 0.4004325866699219 0.20023205876350403 0.26088476181030273
3.0 0.9707039594650269 0.32885414361953735 0.05859202519059181 0.15552811324596405
3.0 0.5764792561531067 0.23185721039772034 0.2842789888381958 0.21742311120033264
3.0 0.34979352355003357 0.1922634094953537 0.3463333249092102 0.2512188255786896
3.0 0.7010951042175293 0.20024695992469788 0.2018408626317978 0.1591082662343979
3.0 0.8680394291877747 0.19775840640068054 0.16581889986991882 0.1113692969083786
2.0 0.21629032492637634 0.45715051889419556 0.22419682145118713 0.24900923669338226
2.0 0.6180794835090637 0.3725312650203705 0.13291774690151215 0.15290558338165283
3.0 0.8720487356185913 0.31613174080848694 0.2023952305316925 0.19136746227741241
