3.0 0.6575329899787903 0.5895354747772217 0.6414595246315002 0.5958079695701599
0.0 0.3041975200176239 0.3486248254776001 0.20475183427333832 0.263830304145813
3.0 0.07035081088542938 0.2166183739900589 0.09083075821399689 0.1566227227449417
3.0 0.49059125781059265 0.22132256627082825 0.28747254610061646 0.22235190868377686
3.0 0.720126211643219 0.23768675327301025 0.3499360680580139 0.25729021430015564
3.0 0.37730875611305237 0.16053277254104614 0.2042081207036972 0.16258463263511658
3.0 0.21591457724571228 0.11777171492576599 0.16735608875751495 0.11431969702243805
2.0 0.7856553792953491 0.5269862413406372 0.22834934294223785 0.2525177597999573
2.0 0.41622671484947205 0.3477729260921478 0.13549083471298218 0.15495988726615906
3.0 0.1834162175655365 0.2316671758890152 0.20543955266475677 0.1946980059146881
