3.0 0.69242262840271 0.630311131477356 0.6151547431945801 0.6172417998313904
0.0 0.3235490620136261 0.36110761761665344 0.21738213300704956 0.2591310143470764
3.0 0.06898912042379379 0.22303304076194763 0.08923182636499405 0.1525285392999649
3.0 0.4899483025074005 0.22134502232074738 0.2871200144290924 0.22180315852165222
3.0 0.7195204496383667 0.23717957735061646 0.3495388925075531 0.25661391019821167
3.0 0.3765258491039276 0.1608167588710785 0.20394662022590637 0.16219770908355713
3.0 0.21503344178199768 0.11842818558216095 0.16718700528144836 0.11399081349372864
2.0 0.7857168912887573 0.5263271331787109 0.22788786888122559 0.25212910771369934
2.0 0.41587573289871216 0.34796661138534546 0.1352047622203827 0.15473248064517975
3.0 0.18279795348644257 0.23239833116531372 0.20510204136371613 0.19432812929153442
