3.0 0.695297360420227 0.6231961846351624 0.6094052791595459 0.6080633401870728
0.0 0.3064027428627014 0.3674475848674774 0.20732998847961426 0.25579115748405457
3.0 0.05995247885584831 0.23762764036655426 0.08468949049711227 0.15070907771587372
3.0 0.48061880469322205 0.22183817625045776 0.2818288803100586 0.2137022465467453
3.0 0.7105925679206848 0.22997301816940308 0.3435623049736023 0.2466399073600769
3.0 0.36523231863975525 0.16514360904693604 0.20002713799476624 0.1564822942018509
3.0 0.2024105042219162 0.12818892300128937 0.1646316647529602 0.10914710909128189
2.0 0.7864384651184082 0.516740620136261 0.22105078399181366 0.24633482098579407
2.0 0.41082972288131714 0.35087016224861145 0.13096997141838074 0.15133772790431976
3.0 0.17401117086410522 0.24317499995231628 0.20007838308811188 0.18884100019931793
