3.0 0.34174996614456177 0.5882619619369507 0.6378616690635681 0.5917303562164307
0.0 0.6970170736312866 0.3502090573310852 0.202987939119339 0.2626873552799225
3.0 0.9319209456443787 0.22009310126304626 0.08971747756004333 0.15620093047618866
3.0 0.5116562247276306 0.22140753269195557 0.28623342514038086 0.22042834758758545
3.0 0.2819967269897461 0.2359197735786438 0.34853944182395935 0.2549198865890503
3.0 0.6254253387451172 0.1615334302186966 0.20328915119171143 0.16122819483280182
3.0 0.7871592044830322 0.12007555365562439 0.1667611002922058 0.11316729336977005
2.0 0.2141362428665161 0.5246813297271729 0.22673079371452332 0.25115323066711426
2.0 0.5849984288215637 0.3484535813331604 0.13448761403560638 0.15416128933429718
3.0 0.818737804889679 0.2342294454574585 0.2042548656463623 0.19340042769908905
