3.0 0.7568687796592712 0.5850614309310913 0.4862624704837799 0.5874311327934265
0.0 0.3288673758506775 0.4238162934780121 0.23553875088691711 0.28039300441741943
3.0 0.028244657441973686 0.3453303277492523 0.05648931488394737 0.15275724232196808
3.0 0.4225209057331085 0.23612980544567108 0.29093611240386963 0.21796424686908722
3.0 0.6431859135627747 0.18893474340438843 0.35030290484428406 0.25791651010513306
3.0 0.29215583205223083 0.2048865556716919 0.20444978773593903 0.16294285655021667
3.0 0.12519806623458862 0.20618629455566406 0.16751216351985931 0.11462429165840149
2.0 0.7826644778251648 0.450724720954895 0.22877641022205353 0.2528771460056305
2.0 0.3790588676929474 0.37524306774139404 0.13575559854507446 0.15517014265060425
3.0 0.12387543171644211 0.3246201276779175 0.2057517170906067 0.1950402557849884
