3.0 0.3338347375392914 0.5722658038139343 0.5906338691711426 0.5388926267623901
0.0 0.7107972502708435 0.37031736969947815 0.18040944635868073 0.2473686784505844
3.0 0.9573619365692139 0.2639414370059967 0.07566851377487183 0.15023678541183472
3.0 0.5390064716339111 0.22390557825565338 0.2696182131767273 0.19581083953380585
3.0 0.3090333044528961 0.21575447916984558 0.32967671751976013 0.22467243671417236
3.0 0.6581138968467712 0.17551405727863312 0.19101418554782867 0.14383834600448608
3.0 0.8231416940689087 0.15016797184944153 0.15862934291362762 0.09851818531751633
2.0 0.2130948305130005 0.49643951654434204 0.20580047369003296 0.2331928312778473
2.0 0.5994946360588074 0.3575504720211029 0.12154610455036163 0.14361223578453064
3.0 0.8433371186256409 0.2668747305870056 0.1887340396642685 0.17655962705612183
