3.0 0.6626735329627991 0.5798158049583435 0.6133809685707092 0.56419438123703
0.0 0.29537662863731384 0.3607795536518097 0.19116100668907166 0.2548143267631531
3.0 0.05395384877920151 0.2431996911764145 0.08231419324874878 0.15320086479187012
3.0 0.473705917596817 0.2224063128232956 0.2776956260204315 0.20753228664398193
3.0 0.7038108706474304 0.22481834888458252 0.33887529373168945 0.23905529081821442
3.0 0.35694488883018494 0.16859938204288483 0.19697172939777374 0.1521250605583191
3.0 0.1932542622089386 0.1357061117887497 0.1626148223876953 0.10547147691249847
2.0 0.7867662906646729 0.509610652923584 0.21581383049488068 0.2418537735939026
2.0 0.40714791417121887 0.35313430428504944 0.1277306079864502 0.1487072855234146
3.0 0.1677238494157791 0.25136300921440125 0.1962030977010727 0.18462976813316345
