3.0 0.3245791792869568 0.5412933230400085 0.6491583585739136 0.606869101524353
0.0 0.7306373119354248 0.4102253317832947 0.2095545530319214 0.2668980658054352
3.0 0.972594678401947 0.35519763827323914 0.05481068789958954 0.15375486016273499
3.0 0.5878900289535522 0.23537766933441162 0.2907979190349579 0.2275897115468979
3.0 0.3631074130535126 0.1861143261194229 0.3536752760410309 0.26375019550323486
3.0 0.7137450575828552 0.20913200080394745 0.20667733252048492 0.16627620160579681
3.0 0.8806427717208862 0.21379369497299194 0.1689428687095642 0.11746402829885483
2.0 0.21838515996932983 0.44504237174987793 0.23274262249469757 0.25620126724243164
2.0 0.6234289407730103 0.3777039051055908 0.13821595907211304 0.15711326897144318
3.0 0.8795801401138306 0.3322301506996155 0.20864224433898926 0.19821615517139435
