3.0 0.3289903402328491 0.5599077939987183 0.6016090512275696 0.5510693788528442
0.0 0.7197250723838806 0.3860967755317688 0.18557097017765045 0.2509753108024597
3.0 0.966995358467102 0.29805606603622437 0.0660092756152153 0.1516861766576767
3.0 0.5591133236885071 0.22750183939933777 0.2735312283039093 0.20143775641918182
3.0 0.33035391569137573 0.2025373876094818 0.33413881063461304 0.23157286643981934
3.0 0.6814436912536621 0.1879594326019287 0.19389818608760834 0.14781783521175385
3.0 0.8478841781616211 0.17476224899291992 0.1605667769908905 0.10185149312019348
2.0 0.21412526071071625 0.47544610500335693 0.2106175422668457 0.23737381398677826
2.0 0.6096556782722473 0.3652161955833435 0.12451978772878647 0.14607350528240204
3.0 0.859481930732727 0.2926342785358429 0.19233639538288116 0.18044470250606537
