3.0 0.6578518748283386 0.5889720320701599 0.6398708820343018 0.5940064191818237
0.0 0.3036578893661499 0.34932541847229004 0.20397210121154785 0.26332610845565796
3.0 0.0693410187959671 0.21815533936023712 0.0903383195400238 0.15643712878227234
3.0 0.48959556221961975 0.22135797142982483 0.28692594170570374 0.22150158882141113
3.0 0.7191875576972961 0.2369019091129303 0.3493202030658722 0.2562422752380371
3.0 0.37609660625457764 0.16097332537174225 0.2038026750087738 0.16198505461215973
3.0 0.2145506739616394 0.11878921091556549 0.16709385812282562 0.11381012201309204
2.0 0.7857499718666077 0.5259654521942139 0.22763419151306152 0.25191530585289
2.0 0.4156833291053772 0.34807321429252625 0.13504751026630402 0.1546073704957962
3.0 0.18245947360992432 0.23280006647109985 0.20491640269756317 0.1941247582435608
