3.0 0.3434695899486542 0.5958275198936462 0.6528803706169128 0.5950111746788025
0.0 0.692134439945221 0.34399545192718506 0.20989234745502472 0.26711130142211914
3.0 0.9236150979995728 0.21184846758842468 0.0927104726433754 0.15383073687553406
3.0 0.5027559399604797 0.22117741405963898 0.29102906584739685 0.22795812785625458
3.0 0.2736768126487732 0.2430143654346466 0.353934645652771 0.26420488953590393
3.0 0.6145555377006531 0.15770164132118225 0.2068491131067276 0.16653575003147125
3.0 0.7748833298683167 0.11110137403011322 0.1690525859594345 0.11768554896116257
2.0 0.2150699347257614 0.5337952375411987 0.23305083811283112 0.2564585506916046
2.0 0.5801168084144592 0.3458171784877777 0.13840726017951965 0.15726351737976074
3.0 0.8100903630256653 0.224188894033432 0.2088661938905716 0.19846275448799133
