3.0 0.6759646534919739 0.5423972606658936 0.6480706930160522 0.6037905812263489
0.0 0.26992934942245483 0.4087828993797302 0.20821517705917358 0.26604920625686646
3.0 0.027590014040470123 0.3467145562171936 0.05518002808094025 0.15743015706539154
3.0 0.4137686789035797 0.2348325252532959 0.28987786173820496 0.2261289656162262
3.0 0.6388553380966187 0.18697765469551086 0.3526420295238495 0.26194775104522705
3.0 0.28808048367500305 0.2077993005514145 0.2059936821460724 0.16524696350097656
3.0 0.12115681171417236 0.2114158272743225 0.16850535571575165 0.11658615618944168
2.0 0.7819534540176392 0.4468068480491638 0.23151949048042297 0.2551788091659546
2.0 0.377339243888855 0.37693342566490173 0.1374569535255432 0.15651589632034302
3.0 0.12147784978151321 0.32985660433769226 0.2077525407075882 0.1972372680902481
