3.0 0.9435301423072815 0.6772494316101074 0.1129397302865982 0.45143774151802063
0.0 0.4858494699001312 0.44979938864707947 0.251077800989151 0.30885517597198486
3.0 0.039789676666259766 0.27486106753349304 0.07308665663003922 0.1455010622739792
3.0 0.4935198724269867 0.23425990343093872 0.2831334173679352 0.19839315116405487
3.0 0.7336217164993286 0.21726778149604797 0.3476544916629791 0.23287004232406616
3.0 0.3380414545536041 0.17741578817367554 0.18940609693527222 0.14164340496063232
3.0 0.1727241575717926 0.15403249859809875 0.15754295885562897 0.0966840460896492
2.0 0.7868425846099854 0.49303051829338074 0.20313720405101776 0.2308703064918518
2.0 0.3988197147846222 0.3587428033351898 0.11990310996770859 0.14224372804164886
3.0 0.15391691029071808 0.2709709703922272 0.1867353767156601 0.17440952360630035
