3.0 0.338077187538147 0.5813280344009399 0.6178413033485413 0.5691859722137451
0.0 0.7033172845840454 0.3588789999485016 0.19329461455345154 0.25626039505004883
3.0 0.943634033203125 0.23905473947525024 0.08364222943782806 0.15376321971416473
3.0 0.5237064361572266 0.22217336297035217 0.27926406264305115 0.20985858142375946
3.0 0.29363396763801575 0.22672933340072632 0.3406555950641632 0.2419137954711914
3.0 0.6399610042572021 0.16728082299232483 0.1981305629014969 0.15376830101013184
3.0 0.8033380508422852 0.13286377489566803 0.16338211297988892 0.10685601085424423
2.0 0.21333573758602142 0.5122822523117065 0.21779122948646545 0.2435498982667923
2.0 0.5914795994758606 0.3522755205631256 0.12895332276821136 0.14970342814922333
3.0 0.8299450278282166 0.24827778339385986 0.19766899943351746 0.1862206757068634
