3.0 0.32421231269836426 0.5420388579368591 0.6484246253967285 0.6047931909561157
0.0 0.7302557229995728 0.40925106406211853 0.20865115523338318 0.26632609963417053
3.0 0.9724259376525879 0.3531213104724884 0.05514811351895332 0.15355059504508972
3.0 0.5867705345153809 0.23500846326351166 0.29017797112464905 0.22660444676876068
3.0 0.36178162693977356 0.186695858836174 0.3529791831970215 0.26253437995910645
3.0 0.7125134468078613 0.20823095738887787 0.20621664822101593 0.16558201611042023
3.0 0.8794293999671936 0.2121870219707489 0.16864819824695587 0.11687182635068893
2.0 0.21815533936023712 0.44623345136642456 0.23191781342029572 0.2555120587348938
2.0 0.6229108572006226 0.3771831691265106 0.13770410418510437 0.15671062469482422
3.0 0.8788674473762512 0.330626904964447 0.2080424427986145 0.19755609333515167
