3.0 0.16317670047283173 0.640202522277832 0.32635340094566345 0.5025537610054016
0.0 0.6018022894859314 0.42082691192626953 0.22767789661884308 0.2747206687927246
3.0 0.9647865295410156 0.2871936559677124 0.07042696326971054 0.14542877674102783
3.0 0.5323613882064819 0.23007933795452118 0.2734898626804352 0.1925145536661148
3.0 0.3146503269672394 0.20854288339614868 0.32781141996383667 0.22601386904716492
3.0 0.6704896688461304 0.18184217810630798 0.18926338851451874 0.14144939184188843
3.0 0.8363709449768066 0.16286861896514893 0.15744635462760925 0.09652207791805267
2.0 0.21344463527202606 0.48539602756500244 0.20290158689022064 0.2306644767522812
2.0 0.6049053072929382 0.3614867329597473 0.11975780129432678 0.14212241768836975
3.0 0.8520581126213074 0.2802663743495941 0.186558336019516 0.1742192506790161
