3.0 0.3351278007030487 0.5751691460609436 0.5994740724563599 0.5486962795257568
0.0 0.708490252494812 0.3666400611400604 0.1845632642507553 0.25027573108673096
3.0 0.9531512260437012 0.2559558153152466 0.07822711765766144 0.15140695869922638
3.0 0.5341578722000122 0.2232639044523239 0.27277225255966187 0.2003391534090042
3.0 0.3040771484375 0.2191476672887802 0.3332741856575012 0.23022502660751343
3.0 0.6523982286453247 0.17279072105884552 0.1933385133743286 0.14704106748104095
3.0 0.8169560432434082 0.1445540338754654 0.16019193828105927 0.10120003670454025
2.0 0.21307650208473206 0.5014722347259521 0.20967848598957062 0.23656080663204193
2.0 0.5969808101654053 0.35582730174064636 0.1239398792386055 0.14559514820575714
3.0 0.8391954302787781 0.26088860630989075 0.19163545966148376 0.1796877384185791
