3.0 0.6613037586212158 0.6038287281990051 0.6702375411987305 0.6128536462783813
0.0 0.31007689237594604 0.3413107991218567 0.21286366879940033 0.2689723074436188
3.0 0.08047612011432648 0.20592382550239563 0.09455229341983795 0.1544865220785141
3.0 0.5011626482009888 0.2211662083864212 0.29304593801498413 0.23119889199733734
3.0 0.729912281036377 0.24622027575969696 0.3561951220035553 0.26820653676986694
3.0 0.3902661204338074 0.15612559020519257 0.2083492875099182 0.16881819069385529
3.0 0.23060902953147888 0.10727682709693909 0.1700066179037094 0.11963634938001633
2.0 0.7844269871711731 0.5377960205078125 0.23575745522975922 0.25871095061302185
2.0 0.4220578670501709 0.3447065055370331 0.14008787274360657 0.15857823193073273
3.0 0.19381625950336456 0.21985840797424316 0.210828498005867 0.2006269246339798
