3.0 0.3306832015514374 0.5645373463630676 0.5878893733024597 0.5358562469482422
0.0 0.7165454030036926 0.3801620304584503 0.1791258603334427 0.24646291136741638
3.0 0.9651535153388977 0.28525304794311523 0.06969296187162399 0.14986906945705414
3.0 0.5516790151596069 0.22599469125270844 0.26863542199134827 0.19441160559654236
3.0 0.322325199842453 0.20726212859153748 0.3285543918609619 0.22295764088630676
3.0 0.6728885173797607 0.18313930928707123 0.1902904063463211 0.14284837245941162
3.0 0.8389083743095398 0.1654195338487625 0.1581408828496933 0.09769056737422943
2.0 0.21356314420700073 0.48323148488998413 0.20459982752799988 0.2321467399597168
2.0 0.6059487462043762 0.36228325963020325 0.12080531567335129 0.1429959535598755
3.0 0.8537082076072693 0.28293246030807495 0.18783360719680786 0.17559051513671875
