3.0 0.3400691747665405 0.5851784944534302 0.6290476322174072 0.5817757248878479
0.0 0.6998830437660217 0.35405537486076355 0.19869586825370789 0.2598712742328644
3.0 0.9372643828392029 0.22851623594760895 0.08701873570680618 0.15514592826366425
3.0 0.5170531272888184 0.2216857522726059 0.28317999839782715 0.21574798226356506
3.0 0.28715547919273376 0.23174449801445007 0.3450911343097687 0.2491569221019745
3.0 0.6319612264633179 0.16402772068977356 0.20102709531784058 0.15792621672153473
3.0 0.7944681644439697 0.12571200728416443 0.16528719663619995 0.11036833375692368
2.0 0.21371160447597504 0.5191366672515869 0.22278164327144623 0.24780789017677307
2.0 0.5879193544387817 0.35012930631637573 0.13204140961170197 0.15220150351524353
3.0 0.8238285779953003 0.2404564470052719 0.20135411620140076 0.1902313083410263
