3.0 0.6715638041496277 0.5583018660545349 0.6062345504760742 0.5562182664871216
0.0 0.2792166769504547 0.3881618082523346 0.18776054680347443 0.25248754024505615
3.0 0.03240703418850899 0.30250340700149536 0.06481406837701797 0.15228645503520966
3.0 0.43833446502685547 0.2280680388212204 0.2751717269420624 0.20382486283779144
3.0 0.6668497920036316 0.2009599506855011 0.3360062539577484 0.23450250923633575
3.0 0.3156387507915497 0.1896742582321167 0.19510839879512787 0.14950527250766754
3.0 0.14908188581466675 0.1780381053686142 0.16137535870075226 0.10326814651489258
2.0 0.7856319546699524 0.4727669954299927 0.21265551447868347 0.23913468420505524
2.0 0.38908547163009644 0.3662501871585846 0.1257786750793457 0.14710918068885803
3.0 0.1385897397994995 0.2960136830806732 0.19385536015033722 0.18208682537078857
