3.0 0.33148303627967834 0.5665979385375977 0.581595778465271 0.52890545129776
0.0 0.7150675058364868 0.377529501914978 0.17619262635707855 0.2443801760673523
3.0 0.9642758965492249 0.27956339716911316 0.07144825905561447 0.14901819825172424
3.0 0.5483328700065613 0.2253846973180771 0.26637545228004456 0.19121412932872772
3.0 0.3187675476074219 0.20945121347904205 0.32597121596336365 0.21904072165489197
3.0 0.669010579586029 0.18105396628379822 0.18862682580947876 0.14058558642864227
3.0 0.8348019123077393 0.16131038963794708 0.15701504051685333 0.09580119699239731
2.0 0.2133799046278 0.4867267310619354 0.20185212790966034 0.2297469526529312
2.0 0.6042609810829163 0.3610011339187622 0.119110606610775 0.14158152043819427
3.0 0.8510340452194214 0.27863404154777527 0.18576927483081818 0.17337153851985931
