3.0 0.2515624761581421 0.62109375 0.5031249523162842 0.5484374761581421
0.0 0.672656238079071 0.39453125 0.19453126192092896 0.25390625
3.0 0.9632812738418579 0.28125 0.07109375298023224 0.14453125
3.0 0.5453125238418579 0.22968751192092896 0.26796871423721313 0.1796875149011612
3.0 0.31640625 0.2109375 0.32421875 0.21640624105930328
3.0 0.6664062738418579 0.1796875 0.1875 0.13906249403953552
3.0 0.83203125 0.15859374403953552 0.15625 0.09453124552965164
2.0 0.2132812738418579 0.48906248807907104 0.20000004768371582 0.2281249761581421
2.0 0.6031249761581421 0.36015623807907104 0.11796873807907104 0.140625
3.0 0.8492187857627869 0.2757812440395355 0.18437498807907104 0.171875
