3.0 0.766406238079071 0.621874988079071 0.4664062261581421 0.5296875238418579
0.0 0.34062498807907104 0.40156251192092896 0.203125 0.2554687261581421
3.0 0.03671874850988388 0.28125 0.07109375298023224 0.14453125
3.0 0.4585937559604645 0.22812500596046448 0.26875001192092896 0.18359375
3.0 0.68359375 0.2109375 0.32421875 0.21640624105930328
3.0 0.3335937559604645 0.1796875 0.1875 0.13906249403953552
3.0 0.16796875 0.15859374403953552 0.15625 0.09453124552965164
2.0 0.7867187261581421 0.48906248807907104 0.20000004768371582 0.2281249761581421
2.0 0.3968749940395355 0.36015623807907104 0.11796873807907104 0.140625
3.0 0.15078124403953552 0.2757812440395355 0.18437498807907104 0.171875
