3.0 0.33318910002708435 0.576542854309082 0.5989931225776672 0.5320846438407898
0.0 0.7093151807785034 0.3679386377334595 0.18309760093688965 0.2492542564868927
3.0 0.9548619985580444 0.2642424404621124 0.07639770209789276 0.14706505835056305
3.0 0.5358774662017822 0.22348158061504364 0.2716640532016754 0.19874131679534912
3.0 0.30582675337791443 0.2179352045059204 0.332010954618454 0.22826524078845978
3.0 0.6544293165206909 0.17374438047409058 0.19252155721187592 0.14591115713119507
3.0 0.8191594481468201 0.14653116464614868 0.1596437692642212 0.10025312006473541
2.0 0.21307289600372314 0.49968862533569336 0.20831145346164703 0.23537547886371613
2.0 0.5978751182556152 0.3564329445362091 0.12309586256742477 0.14489750564098358
3.0 0.8406752347946167 0.2630017399787903 0.19061391055583954 0.17858542501926422
