3.0 0.6623056530952454 0.5805612206459045 0.6155837178230286 0.5666581392288208
0.0 0.29601746797561646 0.35984230041503906 0.19221358001232147 0.2555290758609772
3.0 0.05513664335012436 0.24115610122680664 0.08296895027160645 0.1534794121980667
3.0 0.4749796688556671 0.2222886085510254 0.27847087383270264 0.2086798995733261
3.0 0.7050710916519165 0.22575625777244568 0.3397555351257324 0.24046528339385986
3.0 0.3584667444229126 0.16794659197330475 0.1975444257259369 0.15293577313423157
3.0 0.19492873549461365 0.13430272042751312 0.1629943698644638 0.10615430772304535
2.0 0.7867191433906555 0.5109261274337769 0.21678976714611053 0.24269148707389832
2.0 0.4078226387500763 0.35270988941192627 0.12833400070667267 0.14919935166835785
3.0 0.16886799037456512 0.24984127283096313 0.19692696630954742 0.18541505932807922
