3.0 0.3259485065937042 0.5503917336463928 0.6280412077903748 0.5806421041488647
0.0 0.7256687879562378 0.3983798027038574 0.1982083022594452 0.2595483362674713
3.0 0.9702346324920654 0.32445472478866577 0.05953071266412735 0.15502358973026276
3.0 0.5740419030189514 0.23117397725582123 0.28282982110977173 0.21521633863449097
3.0 0.34700605273246765 0.19363966584205627 0.3446950614452362 0.2485026866197586
3.0 0.6983656883239746 0.1984337568283081 0.2007678598165512 0.15755100548267365
3.0 0.8652805089950562 0.19442979991436005 0.16511748731136322 0.11005083471536636
2.0 0.21591302752494812 0.45972779393196106 0.22233209013938904 0.24742569029331207
2.0 0.6169174909591675 0.3714646100997925 0.13176308572292328 0.15197743475437164
3.0 0.870364248752594 0.3127618730068207 0.20102302730083466 0.18987029790878296
