3.0 0.6687517762184143 0.5912257432937622 0.636812150478363 0.5734026432037354
0.0 0.29852864146232605 0.35625597834587097 0.19623424112796783 0.2582346498966217
3.0 0.05927212908864021 0.23877207934856415 0.0843331590294838 0.1505608707666397
3.0 0.47989600896835327 0.22188948094844818 0.2814052104949951 0.2130638211965561
3.0 0.7098901271820068 0.22942665219306946 0.34308257699012756 0.24585463106632233
3.0 0.36436256766319275 0.16549496352672577 0.19971370697021484 0.15603159368038177
3.0 0.20144528150558472 0.12896353006362915 0.16442571580410004 0.10876625031232834
2.0 0.7864810228347778 0.5159962177276611 0.22051003575325012 0.24587377905845642
2.0 0.4104424715042114 0.35110241174697876 0.1306353211402893 0.15106728672981262
3.0 0.17334485054016113 0.24402302503585815 0.19967928528785706 0.18840649724006653
