3.0 0.3434176445007324 0.5911877751350403 0.6460891962051392 0.6010679006576538
0.0 0.6941992044448853 0.3465733826160431 0.20703235268592834 0.26529523730278015
3.0 0.9266442656517029 0.21211419999599457 0.09227386862039566 0.1571575403213501
3.0 0.5064765810966492 0.22123901546001434 0.2890605926513672 0.2248389720916748
3.0 0.2771264314651489 0.24001696705818176 0.3517233729362488 0.2603565454483032
3.0 0.6191133260726929 0.15926086902618408 0.2053867131471634 0.1643378585577011
3.0 0.7800487279891968 0.11480432748794556 0.16811572015285492 0.11581152677536011
2.0 0.21464431285858154 0.5299898386001587 0.2304379791021347 0.2542727291584015
2.0 0.5821672081947327 0.346900075674057 0.13678602874279022 0.15598630905151367
3.0 0.8137434124946594 0.22835160791873932 0.20696458220481873 0.19637133181095123
