3.0 0.6551287770271301 0.5936391949653625 0.6528775691986084 0.6088078618049622
0.0 0.3082379102706909 0.34353798627853394 0.21039916574954987 0.2674306333065033
3.0 0.07707282155752182 0.21083968877792358 0.0930241197347641 0.15394409000873566
3.0 0.4979085624217987 0.22117163240909576 0.29137516021728516 0.22851090133190155
3.0 0.7269350290298462 0.24355448782444 0.3543229401111603 0.2648872137069702
3.0 0.38626059889793396 0.15742959082126617 0.20710641145706177 0.16692514717578888
3.0 0.22604429721832275 0.11044736206531525 0.16921673715114594 0.1180180236697197
2.0 0.784848690032959 0.5344741940498352 0.23351310193538666 0.25684410333633423
2.0 0.42025089263916016 0.34562668204307556 0.13869419693946838 0.15748867392539978
3.0 0.19056786596775055 0.2234506458044052 0.2092018872499466 0.19883254170417786
