3.0 0.940552830696106 0.606701135635376 0.1188943088054657 0.4605759382247925
0.0 0.4782765209674835 0.45258238911628723 0.2873556315898895 0.3371329605579376
3.0 0.027961941435933113 0.34853115677833557 0.055923882871866226 0.15308834612369537
3.0 0.45261335372924805 0.23843874037265778 0.3050246834754944 0.2320178896188736
3.0 0.687221884727478 0.1846199482679367 0.3731725811958313 0.2742816209793091
3.0 0.29022830724716187 0.2062535583972931 0.2051830291748047 0.16403372585773468
3.0 0.12328261137008667 0.2086462676525116 0.1679847240447998 0.11555255204439163
2.0 0.7823358178138733 0.4488752782344818 0.23007594048976898 0.2539690136909485
2.0 0.3782447278499603 0.37603750824928284 0.13656146824359894 0.1558087319135666
3.0 0.12273534387350082 0.3270862102508545 0.20670053362846375 0.19608137011528015
