3.0 0.6599044799804688 0.5852279663085938 0.62919020652771 0.5819363594055176
0.0 0.300162136554718 0.3539935350418091 0.19876496493816376 0.2599169909954071
3.0 0.06281963735818863 0.2283809632062912 0.08706207573413849 0.1551632285118103
3.0 0.4830329716205597 0.22168047726154327 0.2832295894622803 0.21582333743572235
3.0 0.7129274606704712 0.23181036114692688 0.34514719247817993 0.2492496520280838
3.0 0.3681427240371704 0.1639869213104248 0.20106379687786102 0.15797938406467438
3.0 0.20564767718315125 0.12562093138694763 0.16531120240688324 0.11041334271430969
2.0 0.786282479763031 0.5192252397537231 0.22284534573554993 0.24786202609539032
2.0 0.41212698817253113 0.35010209679603577 0.13208085298538208 0.15223324298858643
3.0 0.17625175416469574 0.24035628139972687 0.2014010101556778 0.19028246402740479
