3.0 0.32997164130210876 0.5626386404037476 0.5935859680175781 0.5421625375747681
0.0 0.7178728580474854 0.38259267807006836 0.18179327249526978 0.24834127724170685
3.0 0.9659304618835449 0.2905006408691406 0.06813903152942657 0.15063001215457916
3.0 0.5547419786453247 0.2265901416540146 0.2706735134124756 0.1973194032907486
3.0 0.32561206817626953 0.2052922546863556 0.33088111877441406 0.22652170062065125
3.0 0.6764233708381653 0.18509379029273987 0.1917915940284729 0.1449054777622223
3.0 0.8426311612129211 0.16923290491104126 0.15915299952030182 0.0994110181927681
2.0 0.21376872062683105 0.48002728819847107 0.20709370076656342 0.2343178242444992
2.0 0.6074832081794739 0.3634774386882782 0.12234418094158173 0.1442747861146927
3.0 0.8561150431632996 0.28690409660339355 0.18970277905464172 0.17760314047336578
