3.0 0.32566210627555847 0.5493917465209961 0.6306845545768738 0.5836208462715149
0.0 0.7262483835220337 0.3996769189834595 0.19948993623256683 0.26039591431617737
3.0 0.970533549785614 0.32723501324653625 0.05893291160464287 0.15534411370754242
3.0 0.5755838751792908 0.2316034436225891 0.28374892473220825 0.21661387383937836
3.0 0.3487672507762909 0.1927664428949356 0.3457343280315399 0.2502226233482361
3.0 0.7000935673713684 0.1995774507522583 0.20144830644130707 0.15853725373744965
3.0 0.8670285940170288 0.196531742811203 0.16556261479854584 0.1108856275677681
2.0 0.21614889800548553 0.4580976366996765 0.2235133945941925 0.24842943251132965
2.0 0.6176534295082092 0.3721378743648529 0.1324945092201233 0.1525658220052719
3.0 0.8714329600334167 0.3148910403251648 0.2018926739692688 0.19081884622573853
