3.0 0.3071066439151764 0.591171145439148 0.6142132878303528 0.5433302521705627
0.0 0.7111837863922119 0.37094786763191223 0.1796962320804596 0.24686582386493683
3.0 0.9581895470619202 0.27077651023864746 0.07436046749353409 0.14610981941223145
3.0 0.539831280708313 0.22402337193489075 0.26907262206077576 0.19503337144851685
3.0 0.3098835349082947 0.21518510580062866 0.32905372977256775 0.22371956706047058
3.0 0.65908282995224 0.17598797380924225 0.19061234593391418 0.14328829944133759
3.0 0.8241856098175049 0.1511351317167282 0.15835824608802795 0.09805826097726822
2.0 0.21310675144195557 0.4955821931362152 0.20513348281383514 0.23261187970638275
2.0 0.599919855594635 0.3578484058380127 0.12113455682992935 0.14327000081539154
3.0 0.8440322279930115 0.2679017186164856 0.18823394179344177 0.1760212928056717
