3.0 0.33070990443229675 0.5646073818206787 0.5876774787902832 0.5356219410896301
0.0 0.7164958715438843 0.3800725042819977 0.17902688682079315 0.24639290571212769
3.0 0.9651243090629578 0.2850596606731415 0.06975141167640686 0.1498405933380127
3.0 0.5515657663345337 0.22597335278987885 0.2685594856739044 0.1943036913871765
3.0 0.3222041726112366 0.20733562111854553 0.32846763730049133 0.22282542288303375
3.0 0.6727575063705444 0.18306785821914673 0.1902344822883606 0.14277201890945435
3.0 0.8387700319290161 0.16527944803237915 0.1581031084060669 0.09762676060199738
2.0 0.2135562300682068 0.48334991931915283 0.20450718700885773 0.23206596076488495
2.0 0.6058918237686157 0.36223945021629333 0.12074816972017288 0.14294835925102234
3.0 0.8536183834075928 0.2827862501144409 0.18776409327983856 0.17551572620868683
