3.0 0.3261951804161072 0.5379675626754761 0.6523903608322144 0.6159729361534119
0.0 0.7322850227355957 0.4145791530609131 0.21352829039096832 0.26938486099243164
3.0 0.9732969999313354 0.3644665479660034 0.053405966609716415 0.15463027358055115
3.0 0.5928516387939453 0.23707756400108337 0.29349300265312195 0.23192380368709564
3.0 0.36903536319732666 0.18359509110450745 0.3566954433917999 0.2691021263599396
3.0 0.7191780209541321 0.21320369839668274 0.2086820900440216 0.16932857036590576
3.0 0.8859586119651794 0.2210036665201187 0.17021723091602325 0.12007325142621994
2.0 0.21946865320205688 0.4397553503513336 0.23636172711849213 0.25921210646629333
2.0 0.6257073283195496 0.3800470530986786 0.14046324789524078 0.15887054800987244
3.0 0.8826684951782227 0.33939915895462036 0.21126550436019897 0.20110976696014404
