3.0 0.32454973459243774 0.5413532853126526 0.6490994691848755 0.6067025661468506
0.0 0.7306067943572998 0.41014692187309265 0.20948204398155212 0.2668522298336029
3.0 0.9726583361625671 0.349626749753952 0.05468333512544632 0.15771843492984772
3.0 0.5878000855445862 0.23534780740737915 0.29074826836586 0.22751063108444214
3.0 0.3630007207393646 0.1861608773469925 0.3536195158958435 0.26365259289741516
3.0 0.7136461138725281 0.20905935764312744 0.20664042234420776 0.16622048616409302
3.0 0.880545437335968 0.21366429328918457 0.16891928017139435 0.11741648614406586
2.0 0.21836648881435394 0.4451381266117096 0.2326764464378357 0.25614601373672485
2.0 0.6233873963356018 0.37766194343566895 0.1381748914718628 0.1570809930562973
3.0 0.8795230388641357 0.33210110664367676 0.20859414339065552 0.1981632113456726
