3.0 0.32411766052246094 0.5435734987258911 0.6455718874931335 0.6004794239997864
0.0 0.7294560074806213 0.4072476327419281 0.2067769169807434 0.2651318907737732
3.0 0.9721204042434692 0.3434349298477173 0.05575920641422272 0.15709824860095978
3.0 0.5844575762748718 0.23426225781440735 0.2888835072517395 0.22456039488315582
3.0 0.35905617475509644 0.1879124641418457 0.3515242338180542 0.26001301407814026
3.0 0.7099623680114746 0.20638979971408844 0.20525525510311127 0.16414152085781097
3.0 0.8769064545631409 0.2088908851146698 0.16803118586540222 0.11564432829618454
2.0 0.217697411775589 0.4486920237541199 0.2302042692899704 0.25407668948173523
2.0 0.6218357086181641 0.3761165738105774 0.13664105534553528 0.1558716893196106
3.0 0.8773767948150635 0.32733115553855896 0.2067941427230835 0.1961841583251953
