3.0 0.6675315499305725 0.5690393447875977 0.5806775093078613 0.5278926491737366
0.0 0.28673461079597473 0.37441763281822205 0.17576582729816437 0.24407564103603363
3.0 0.03815913200378418 0.27282917499542236 0.07282084971666336 0.14889317750930786
3.0 0.45566222071647644 0.22471143305301666 0.2660449743270874 0.1907488852739334
3.0 0.6854348182678223 0.2121150642633438 0.3255932331085205 0.2184709757566452
3.0 0.33564135432243347 0.17863203585147858 0.18838366866111755 0.14025627076625824
3.0 0.17015434801578522 0.15648168325424194 0.15685011446475983 0.09552650153636932
2.0 0.7867826819419861 0.49089252948760986 0.2014518529176712 0.22939671576023102
2.0 0.397769570350647 0.3595009446144104 0.1188637986779213 0.14137500524520874
3.0 0.15221929550170898 0.2735571265220642 0.1854681372642517 0.17304816842079163
