3.0 0.32533174753189087 0.5482103824615479 0.6337750554084778 0.5871089100837708
0.0 0.7269223928451538 0.40121084451675415 0.2009928971529007 0.26138442754745483
3.0 0.9708766937255859 0.3305211067199707 0.05824660882353783 0.15571551024913788
3.0 0.5773991346359253 0.2321212738752365 0.2848207652568817 0.2182527780532837
3.0 0.35085058212280273 0.1917496919631958 0.34694528579711914 0.2522403299808502
3.0 0.7021227478981018 0.20093891024589539 0.20224221050739288 0.15969359874725342
3.0 0.8690745830535889 0.19902336597442627 0.1660805344581604 0.11186538636684418
2.0 0.21643906831741333 0.4561770260334015 0.22489701211452484 0.24960258603096008
2.0 0.6185163259506226 0.37293729186058044 0.13335144519805908 0.1532532125711441
3.0 0.8726776242256165 0.3174097537994385 0.2029096782207489 0.1919293999671936
