3.0 0.6596219539642334 0.5857558846473694 0.6307090520858765 0.5836484432220459
0.0 0.3006456792354584 0.3533340096473694 0.19950182735919952 0.2604037821292877
3.0 0.06371951103210449 0.2269379049539566 0.0875244289636612 0.1553470641374588
3.0 0.48395270109176636 0.2216259390115738 0.28375741839408875 0.216626837849617
3.0 0.7138124704360962 0.2325153797864914 0.34574395418167114 0.2502385973930359
3.0 0.3692536950111389 0.16355305910110474 0.20145460963249207 0.15854640305042267
3.0 0.20688630640506744 0.12465035915374756 0.16556672751903534 0.1108933761715889
2.0 0.7862173914909363 0.5201711058616638 0.22352436184883118 0.2484387308359146
2.0 0.41262274980545044 0.3498125672340393 0.1325012892484665 0.15257127583026886
3.0 0.1771114319562912 0.23928795754909515 0.20190073549747467 0.1908276528120041
