3.0 0.3269992470741272 0.5538886189460754 0.6185988783836365 0.5700348019599915
0.0 0.7235752940177917 0.39385318756103516 0.19365788996219635 0.2565055191516876
3.0 0.9691777229309082 0.3201913833618164 0.06164456158876419 0.14990070462226868
3.0 0.5686100125312805 0.22973661124706268 0.2795299291610718 0.21025466918945312
3.0 0.3408639430999756 0.19678470492362976 0.3409571647644043 0.2424006462097168
3.0 0.6922488212585449 0.19449791312217712 0.19832704961299896 0.15404804050922394
3.0 0.8590490818023682 0.18713140487670898 0.16351193189620972 0.10709189623594284
2.0 0.21515922248363495 0.46546033024787903 0.2181275635957718 0.2438378930091858
2.0 0.6143037676811218 0.3691348135471344 0.12916134297847748 0.14987251162528992
3.0 0.8665161728858948 0.30533701181411743 0.19791801273822784 0.18649117648601532
