3.0 0.3416081368923187 0.5880072116851807 0.6371390223503113 0.5909122824668884
0.0 0.6972578763961792 0.35052627325057983 0.20263448357582092 0.2624572813510895
3.0 0.9323707818984985 0.22078846395015717 0.08949468284845352 0.1561155617237091
3.0 0.5121045112609863 0.22142665088176727 0.28598397970199585 0.2200428992509842
3.0 0.28242191672325134 0.2355693280696869 0.3482581377029419 0.25444504618644714
3.0 0.6259698271751404 0.1617356836795807 0.20310424268245697 0.16095633804798126
3.0 0.78777015209198 0.12053810805082321 0.16664111614227295 0.11293651908636093
2.0 0.21409688889980316 0.5242213010787964 0.22640614211559296 0.25087904930114746
2.0 0.5852421522140503 0.34859055280685425 0.13428643345832825 0.15400077402591705
3.0 0.819165050983429 0.2347426563501358 0.20401693880558014 0.19314007461071014
