3.0 0.2577647864818573 0.6288308501243591 0.5155295729637146 0.5639569163322449
0.0 0.6692612767219543 0.3891647160053253 0.20240378379821777 0.2598861753940582
3.0 0.9561880230903625 0.2668185830116272 0.07559456676244736 0.1466912031173706
3.0 0.5368069410324097 0.22839860618114471 0.27347585558891296 0.18800868093967438
3.0 0.30742502212524414 0.21684160828590393 0.3308505415916443 0.2264746129512787
3.0 0.6562718749046326 0.17462293803691864 0.19177184998989105 0.1448783129453659
3.0 0.8211533427238464 0.14834176003932953 0.1591397076845169 0.09938827902078629
2.0 0.21307924389839172 0.4980659782886505 0.2070607841014862 0.23428921401500702
2.0 0.5986855030059814 0.3569887578487396 0.12232387065887451 0.14425794780254364
3.0 0.8420100808143616 0.26493215560913086 0.1896781325340271 0.17757658660411835
