3.0 0.6742382645606995 0.5497419834136963 0.6297615766525269 0.5825802683830261
0.0 0.2739536762237549 0.3992224633693695 0.19904203712940216 0.26010018587112427
3.0 0.029570264741778374 0.32626107335090637 0.05914052948355675 0.1552324891090393
3.0 0.4249556362628937 0.2314521074295044 0.28342822194099426 0.2161254584789276
3.0 0.6518498659133911 0.19307097792625427 0.345371812582016 0.24962148070335388
3.0 0.30051058530807495 0.19917595386505127 0.2012108564376831 0.15819258987903595
3.0 0.1335819810628891 0.19579477608203888 0.16540740430355072 0.11059381067752838
2.0 0.7839347124099731 0.45866814255714417 0.2231007069349289 0.24807898700237274
2.0 0.3826037645339966 0.3719017207622528 0.13223896920681 0.15236042439937592
3.0 0.12893974781036377 0.3141449987888336 0.20158898830413818 0.19048750400543213
