3.0 0.29987582564353943 0.5789996981620789 0.5997516512870789 0.6220425367355347
0.0 0.7216361165046692 0.4068523049354553 0.21202507615089417 0.2521412670612335
3.0 0.9712140560150146 0.33949702978134155 0.05757192149758339 0.15213513374328613
3.0 0.5793503522872925 0.23269276320934296 0.2859606444835663 0.22000685334205627
3.0 0.3531022071838379 0.19067034125328064 0.34823179244995117 0.2544006407260895
3.0 0.7042980194091797 0.2024206668138504 0.2030869424343109 0.16093091666698456
3.0 0.8712593913078308 0.20172253251075745 0.1666298806667328 0.11291494220495224
2.0 0.2167661488056183 0.4541105628013611 0.2263757884502411 0.25085341930389404
2.0 0.6194396615028381 0.37380486726760864 0.13426761329174042 0.15398576855659485
3.0 0.8739990592002869 0.3201320469379425 0.20399469137191772 0.1931157112121582
