3.0 0.6738303899765015 0.6223727464675903 0.6523392200469971 0.6318385004997253
0.0 0.3095761835575104 0.3419119715690613 0.21219892799854279 0.2685582935810089
3.0 0.07954856753349304 0.20725151896476746 0.09413959830999374 0.1543416678905487
3.0 0.5002811551094055 0.22116392850875854 0.29259729385375977 0.2304738610982895
3.0 0.7291088700294495 0.24549473822116852 0.3556927442550659 0.2673109769821167
3.0 0.3891795873641968 0.15647420287132263 0.20801541209220886 0.16830766201019287
3.0 0.2293688803911209 0.10813040286302567 0.1697949320077896 0.11919957399368286
2.0 0.7845450639724731 0.5368967056274414 0.23515266180038452 0.2582087218761444
2.0 0.42156732082366943 0.3449536859989166 0.13971222937107086 0.1582852154970169
3.0 0.19293218851089478 0.22082774341106415 0.21039070188999176 0.20014354586601257
