3.0 0.11953127384185791 0.6546875238418579 0.23828125 0.48125001788139343
0.0 0.5679687261581421 0.4320312440395355 0.22734373807907104 0.29062503576278687
3.0 0.9632812738418579 0.28125 0.07109375298023224 0.14453125
3.0 0.522656261920929 0.23125000298023224 0.2757812738418579 0.18906250596046448
3.0 0.30000001192092896 0.2109375 0.3335937261581421 0.22421874105930328
3.0 0.6664062738418579 0.1796875 0.1875 0.13906249403953552
3.0 0.83203125 0.15859374403953552 0.15625 0.09453124552965164
2.0 0.2132812738418579 0.48906248807907104 0.20000004768371582 0.2281249761581421
2.0 0.6031249761581421 0.36015623807907104 0.11796873807907104 0.140625
3.0 0.8492187857627869 0.2757812440395355 0.18437498807907104 0.171875
