3.0 0.6682261824607849 0.5673289895057678 0.5793346166610718 0.5264122486114502
0.0 0.2854662835597992 0.3765968084335327 0.17514219880104065 0.24363002181053162
3.0 0.03604423254728317 0.2775460481643677 0.07208846509456635 0.1487099677324295
3.0 0.4528599977493286 0.22517742216587067 0.26556140184402466 0.19006909430027008
3.0 0.6824923157691956 0.21024085581302643 0.3250400125980377 0.21763859689235687
3.0 0.3323759138584137 0.18032313883304596 0.18802788853645325 0.1397750824689865
3.0 0.16667182743549347 0.15985986590385437 0.15660864114761353 0.0951252207159996
2.0 0.7866750359535217 0.48797136545181274 0.20086680352687836 0.2288844883441925
2.0 0.39634352922439575 0.3605497181415558 0.11850307881832123 0.14107294380664825
3.0 0.1499304324388504 0.2771119475364685 0.18502779304981232 0.1725754588842392
