3.0 0.32963985204696655 0.5617305636405945 0.596276044845581 0.545145571231842
0.0 0.7184962034225464 0.3837568461894989 0.18305711448192596 0.24922597408294678
3.0 0.9662914276123047 0.29301199316978455 0.06741712987422943 0.1509861946105957
3.0 0.5561999678611755 0.2268861085176468 0.2716333568096161 0.19869717955589294
3.0 0.3271870017051697 0.20436599850654602 0.33197593688964844 0.22821110486984253
3.0 0.678101122379303 0.18603959679603577 0.19249893724918365 0.14587995409965515
3.0 0.8443911075592041 0.17106574773788452 0.15962858498096466 0.1002269759774208
2.0 0.21387936174869537 0.4785003662109375 0.20827367901802063 0.23534269630908966
2.0 0.6082100868225098 0.3640528917312622 0.1230725347995758 0.14487819373607635
3.0 0.857246994972229 0.288807213306427 0.190585657954216 0.1785549521446228
