3.0 0.3338329792022705 0.5722618103027344 0.5906215310096741 0.5388790369033813
0.0 0.7108003497123718 0.37032249569892883 0.1804036796092987 0.2473646104335785
3.0 0.9573675990104675 0.26395249366760254 0.07566496729850769 0.1502351313829422
3.0 0.539013147354126 0.2239065319299698 0.2696138322353363 0.19580456614494324
3.0 0.3090401589870453 0.2157498598098755 0.329671710729599 0.22466473281383514
3.0 0.6581217646598816 0.17551787197589874 0.19101093709468842 0.14383389055728912
3.0 0.8231501579284668 0.1501757949590683 0.15862715244293213 0.09851446747779846
2.0 0.21309490501880646 0.4964325726032257 0.2057950794696808 0.23318813741207123
2.0 0.5994980335235596 0.3575528860092163 0.12154277414083481 0.14360946416854858
3.0 0.8433427810668945 0.2668830156326294 0.18873000144958496 0.17655527591705322
