3.0 0.3371421992778778 0.5794391632080078 0.6122651100158691 0.5629472136497498
0.0 0.7049449682235718 0.36125341057777405 0.19062860310077667 0.25445181131362915
3.0 0.9466391801834106 0.2442324459552765 0.0819832906126976 0.15305915474891663
3.0 0.5269363522529602 0.22246789932250977 0.27730241417884827 0.2069517970085144
3.0 0.29682642221450806 0.22434750199317932 0.33842864632606506 0.23834221065044403
3.0 0.6438215374946594 0.1689312756061554 0.19668132066726685 0.15171495079994202
3.0 0.8075878620147705 0.13641685247421265 0.1624220907688141 0.10512623935937881
2.0 0.2132122665643692 0.5089471340179443 0.21531988680362701 0.24142931401729584
2.0 0.5931916832923889 0.3533495366573334 0.12742525339126587 0.14845791459083557
3.0 0.8328505754470825 0.25213250517845154 0.19583643972873688 0.1842322200536728
