3.0 0.6619741916656494 0.5812256932258606 0.6175404191017151 0.5688489079475403
0.0 0.2965935468673706 0.3590075373649597 0.19315041601657867 0.25616300106048584
3.0 0.055762384086847305 0.2447863221168518 0.08246024698019028 0.1497691571712494
3.0 0.47611796855926514 0.22218841314315796 0.27915844321250916 0.20970135927200317
3.0 0.7061932682991028 0.22659894824028015 0.3405357599258423 0.2417205572128296
3.0 0.3598287105560303 0.16736936569213867 0.19805249571800232 0.1536572426557541
3.0 0.19642993807792664 0.13305558264255524 0.16333051025867462 0.10676237940788269
2.0 0.7866719961166382 0.5121010541915894 0.2176576852798462 0.24343550205230713
2.0 0.40842702984809875 0.3523333668708801 0.12887072563171387 0.14963625371456146
3.0 0.1698959469795227 0.24848638474941254 0.1975701004266739 0.18611326813697815
