3.0 0.33145877718925476 0.5665364861488342 0.5817850232124329 0.5291141867637634
0.0 0.7151120901107788 0.37760788202285767 0.17628063261508942 0.2444429099559784
3.0 0.9643025398254395 0.279732882976532 0.0713949054479599 0.14904393255710602
3.0 0.5484328866004944 0.2254023253917694 0.26644352078437805 0.1913100630044937
3.0 0.31887343525886536 0.20938518643379211 0.3260490894317627 0.21915820240974426
3.0 0.6691267490386963 0.18111558258533478 0.18867692351341248 0.14065347611904144
3.0 0.8349252939224243 0.1614324003458023 0.1570490002632141 0.09585784375667572
2.0 0.21338476240634918 0.48662230372428894 0.20193463563919067 0.2298191338777542
2.0 0.6043116450309753 0.3610391318798065 0.11916148662567139 0.1416240781545639
3.0 0.8511146903038025 0.27876195311546326 0.18583133816719055 0.1734382063150406
