3.0 0.3263019621372223 0.5515968799591064 0.6248220801353455 0.5770201086997986
0.0 0.7249590158462524 0.3968181014060974 0.19665217399597168 0.25851359963417053
3.0 0.9698640704154968 0.3211055099964142 0.06027183681726456 0.15462978184223175
3.0 0.5721768736839294 0.23066724836826324 0.2817077040672302 0.21351952850818634
3.0 0.34488633275032043 0.19470743834972382 0.34342512488365173 0.2464151531457901
3.0 0.696270763874054 0.19706612825393677 0.19993749260902405 0.15635330975055695
3.0 0.8631538152694702 0.19190536439418793 0.1645727902650833 0.1090380921959877
2.0 0.21564072370529175 0.4616977870464325 0.22089605033397675 0.24620293080806732
2.0 0.6160237789154053 0.3706573247909546 0.13087420165538788 0.1512603759765625
3.0 0.8690575957298279 0.3101993501186371 0.19996419548988342 0.18871667981147766
