3.0 0.3419717848300934 0.5886585116386414 0.6389846205711365 0.5930021405220032
0.0 0.6966408491134644 0.3497155010700226 0.203537717461586 0.2630445063114166
3.0 0.9312176704406738 0.21901090443134308 0.09006420522928238 0.15633314847946167
3.0 0.5109575986862183 0.22137917578220367 0.2866206467151642 0.2210278958082199
3.0 0.2813352048397064 0.23646725714206696 0.3489760756492615 0.2556585669517517
3.0 0.624576210975647 0.161219984292984 0.20357626676559448 0.16165101528167725
3.0 0.7862055897712708 0.1193566769361496 0.16694723069667816 0.113526351749897
2.0 0.2141990214586258 0.5253980755805969 0.2272355556488037 0.2515791952610016
2.0 0.584618091583252 0.3482409119606018 0.13480043411254883 0.15441064536571503
3.0 0.8180704116821289 0.23343102633953094 0.20462459325790405 0.19380517303943634
