3.0 0.33117014169692993 0.5658006072044373 0.5840448141098022 0.5316082239151001
0.0 0.7156440019607544 0.37854743003845215 0.17733237147331238 0.2451915442943573
3.0 0.9646197557449341 0.2817642390727997 0.07076051831245422 0.14935053884983063
3.0 0.549630343914032 0.2256162166595459 0.26725587248802185 0.19245652854442596
3.0 0.320142924785614 0.2085978090763092 0.3269779682159424 0.2205623835325241
3.0 0.6705162525177002 0.1818564087152481 0.18927478790283203 0.14146488904953003
3.0 0.8363990783691406 0.16289669275283813 0.15745407342910767 0.09653501957654953
2.0 0.21344584226608276 0.4853720963001251 0.20292042195796967 0.2306809276342392
2.0 0.6049168705940247 0.3614954948425293 0.11976940929889679 0.14213210344314575
3.0 0.8520764708518982 0.2802957594394684 0.18657247722148895 0.17423444986343384
