3.0 0.32506850361824036 0.5402935743331909 0.6501370072364807 0.6096325516700745
0.0 0.731141984462738 0.41153278946876526 0.21075871586799622 0.26765668392181396
3.0 0.9729021191596985 0.3525841534137726 0.054195795208215714 0.1580049991607666
3.0 0.589387059211731 0.23587961494922638 0.2916201651096344 0.22890304028987885
3.0 0.3648870289325714 0.1853441745042801 0.35459771752357483 0.26537132263183594
3.0 0.7153887152671814 0.2103470265865326 0.20728859305381775 0.16720137000083923
3.0 0.8822574019432068 0.2159537374973297 0.1693328320980072 0.11825395375490189
2.0 0.21870088577270508 0.44344857335090637 0.23384088277816772 0.25711727142333984
2.0 0.6241195201873779 0.37840479612350464 0.13889768719673157 0.15764817595481873
3.0 0.8805240392684937 0.3343822658061981 0.20943979918956757 0.1990947127342224
