3.0 0.6776198148727417 0.6081150770187378 0.6447603702545166 0.5939391255378723
0.0 0.3011111915111542 0.35270336270332336 0.20020610094070435 0.2608676850795746
3.0 0.06397721916437149 0.2309921681880951 0.08675509691238403 0.1515527218580246
3.0 0.4848344624042511 0.2215765118598938 0.28426045179367065 0.21739481389522552
3.0 0.7146586179733276 0.23319391906261444 0.34631240367889404 0.25118395686149597
3.0 0.3703199625015259 0.16314063966274261 0.20182715356349945 0.15908828377723694
3.0 0.208076611161232 0.12372387945652008 0.16580995917320251 0.11135237663984299
2.0 0.7861520648002625 0.5210775136947632 0.2241729348897934 0.24898897111415863
2.0 0.41309887170791626 0.34953656792640686 0.13290295004844666 0.15289372205734253
3.0 0.1779388040304184 0.23826660215854645 0.20237766206264496 0.19134828448295593
