3.0 0.32656824588775635 0.552484929561615 0.622426450252533 0.5743285417556763
0.0 0.724428117275238 0.3956684470176697 0.19549737870693207 0.2577417492866516
3.0 0.9695837497711182 0.3186386227607727 0.060832489281892776 0.15433432161808014
3.0 0.5707979202270508 0.23030148446559906 0.2808706760406494 0.21226035058498383
3.0 0.3433263301849365 0.1955050677061081 0.34247705340385437 0.2448665201663971
3.0 0.6947181820869446 0.19606585800647736 0.19931834936141968 0.15546433627605438
3.0 0.8615726828575134 0.19005131721496582 0.16416561603546143 0.10828711837530136
2.0 0.21544846892356873 0.463153213262558 0.21982914209365845 0.24529269337654114
2.0 0.6153604984283447 0.3700653910636902 0.13021399080753326 0.15072636306285858
3.0 0.8680816292762756 0.3083135485649109 0.19917641580104828 0.18785925209522247
