3.0 0.6629956960678101 0.5791558027267456 0.6114241480827332 0.5620077252388
0.0 0.29481402039527893 0.3616100549697876 0.1902277171611786 0.25417840480804443
3.0 0.0525473915040493 0.2504659593105316 0.08069103956222534 0.14900201559066772
3.0 0.47258099913597107 0.22251516580581665 0.2770058512687683 0.20651473104953766
3.0 0.7026938199996948 0.22399453818798065 0.3380917012691498 0.23780536651611328
3.0 0.35560286045074463 0.1691819131374359 0.19646231830120087 0.15140613913536072
3.0 0.19178025424480438 0.13695237040519714 0.16227664053440094 0.10486635565757751
2.0 0.7868028879165649 0.5084483027458191 0.21494783461093903 0.24110941588878632
2.0 0.4065534174442291 0.35351184010505676 0.12719526886940002 0.14826993644237518
3.0 0.16671882569789886 0.25271180272102356 0.19556012749671936 0.18393273651599884
