3.0 0.3447469174861908 0.5934330224990845 0.6523102521896362 0.6081597208976746
0.0 0.6919698119163513 0.34379294514656067 0.21011671423912048 0.26725277304649353
3.0 0.9224547147750854 0.2060006707906723 0.09423259645700455 0.1578613966703415
3.0 0.5024619698524475 0.22117465734481812 0.29118236899375916 0.22820283472537994
3.0 0.2734059691429138 0.24325314164161682 0.3541066646575928 0.2645069360733032
3.0 0.6141945719718933 0.15758104622364044 0.20696309208869934 0.16670814156532288
3.0 0.7744731307029724 0.1108117550611496 0.16912533342838287 0.1178327277302742
2.0 0.21510572731494904 0.5340956449508667 0.2332555204629898 0.2566292881965637
2.0 0.579954206943512 0.34573277831077576 0.1385343074798584 0.15736323595046997
3.0 0.8097993731498718 0.22386208176612854 0.2090148627758026 0.19862648844718933
