3.0 0.6733949184417725 0.5526065230369568 0.6220969557762146 0.5739585757255554
0.0 0.27564507722854614 0.3955111503601074 0.19533874094486237 0.2576354742050171
3.0 0.030455103144049644 0.3183009922504425 0.06091020628809929 0.15429352223873138
3.0 0.42939120531082153 0.23025190830230713 0.2807554304599762 0.21208739280700684
3.0 0.6568871140480042 0.1956149935722351 0.3423464596271515 0.2446538209915161
3.0 0.30549493432044983 0.1959294229745865 0.19923311471939087 0.1553422063589096
3.0 0.13864471018314362 0.18979789316654205 0.1641094982624054 0.10818399488925934
2.0 0.7845773100852966 0.4633527100086212 0.2196824997663498 0.24516747891902924
2.0 0.38473063707351685 0.36998453736305237 0.13012325763702393 0.15065288543701172
3.0 0.13205283880233765 0.3080555200576782 0.19906805455684662 0.18774138391017914
