3.0 0.3240673542022705 0.5433699488639832 0.646077573299408 0.6010546684265137
0.0 0.7295631766319275 0.40751317143440247 0.20702660083770752 0.2652915418148041
3.0 0.9721712470054626 0.34400227665901184 0.05565750598907471 0.15715621411800385
3.0 0.5847649574279785 0.23436014354228973 0.28905659914016724 0.2248326987028122
3.0 0.3594173192977905 0.18774960935115814 0.3517189025878906 0.2603488266468048
3.0 0.7103018760681152 0.20663291215896606 0.205383762717247 0.16433344781398773
3.0 0.8772429823875427 0.20932713150978088 0.1681138277053833 0.11580777168273926
2.0 0.2177569717168808 0.4483654499053955 0.23043273389339447 0.2542683482170105
2.0 0.6219789385795593 0.37625759840011597 0.13678276538848877 0.15598373115062714
3.0 0.8775763511657715 0.32776787877082825 0.2069607526063919 0.19636711478233337
