3.0 0.6548694968223572 0.5940674543380737 0.6540533900260925 0.6101518869400024
0.0 0.30867093801498413 0.34300878643989563 0.2109852284193039 0.26779890060424805
3.0 0.07875180244445801 0.20427456498146057 0.09478562325239182 0.15805542469024658
3.0 0.49867895245552063 0.2211669236421585 0.29177430272102356 0.22915008664131165
3.0 0.7276426553726196 0.24418245255947113 0.3547705113887787 0.2656763195991516
3.0 0.3872074782848358 0.15711665153503418 0.20740321278572083 0.1673753708600998
3.0 0.22712162137031555 0.10969194769859314 0.16940581798553467 0.11840261518955231
2.0 0.784752368927002 0.5352610349655151 0.2340473234653473 0.25728923082351685
2.0 0.42067769169807434 0.3454069197177887 0.13902585208415985 0.15774856507778168
3.0 0.1913331001996994 0.22259679436683655 0.20958955585956573 0.19925980269908905
