3.0 0.6712698936462402 0.5591596364974976 0.6037722826004028 0.553476095199585
0.0 0.2797791063785553 0.3870583772659302 0.1865939050912857 0.25168314576148987
3.0 0.03261981159448624 0.30558884143829346 0.06523962318897247 0.14802619814872742
3.0 0.4396960437297821 0.2277628481388092 0.27429911494255066 0.20255295932292938
3.0 0.6683441400527954 0.20179864764213562 0.33501315116882324 0.23294135928153992
3.0 0.31719398498535156 0.1887555718421936 0.1944645792245865 0.14860622584819794
3.0 0.15069743990898132 0.17628608644008636 0.16094553470611572 0.1025131344795227
2.0 0.7857646942138672 0.4741967022418976 0.21157006919384003 0.2381974309682846
2.0 0.3897561728954315 0.36569681763648987 0.12510810792446136 0.1465579867362976
3.0 0.13961505889892578 0.2942076623439789 0.19304673373699188 0.18121232092380524
