3.0 0.6708403825759888 0.5603889226913452 0.6002100110054016 0.5495140552520752
0.0 0.28059640526771545 0.38547876477241516 0.18491041660308838 0.25051701068878174
3.0 0.03307127580046654 0.30218759179115295 0.06614255160093307 0.1475660800933838
3.0 0.44165390729904175 0.22733652591705322 0.273034006357193 0.20071762800216675
3.0 0.6704826951026917 0.20301608741283417 0.3335724174976349 0.23068933188915253
3.0 0.31943532824516296 0.18744994699954987 0.19353151321411133 0.14730867743492126
3.0 0.15303269028663635 0.1737843155860901 0.16032126545906067 0.10142442584037781
2.0 0.7859427332878113 0.47625088691711426 0.2100020796060562 0.23684106767177582
2.0 0.3907241225242615 0.3649080693721771 0.1241396963596344 0.14576005935668945
3.0 0.14110319316387177 0.29162323474884033 0.1918770670890808 0.1799485981464386
