3.0 0.6722590923309326 0.5562142729759216 0.6121461391448975 0.5628142952919006
0.0 0.2778749167919159 0.3908509910106659 0.1905718743801117 0.2544131278991699
3.0 0.03166146203875542 0.3082892894744873 0.06332292407751083 0.15304403007030487
3.0 0.4350369870662689 0.22883687913417816 0.2772604823112488 0.20688995718955994
3.0 0.6632062792778015 0.1989559829235077 0.33838099241256714 0.2382662445306778
3.0 0.3118841350078583 0.19193579256534576 0.19665034115314484 0.15167126059532166
3.0 0.14519824087619781 0.18232296407222748 0.16240152716636658 0.1050894632935524
2.0 0.7852802276611328 0.46930062770843506 0.21526724100112915 0.24138407409191132
2.0 0.3874695599079132 0.36760687828063965 0.1273927092552185 0.14843133091926575
3.0 0.1361394226551056 0.3004172444343567 0.19579735398292542 0.18418985605239868
