3.0 0.32440313696861267 0.5447100400924683 0.6427291631698608 0.5972489714622498
0.0 0.728851318359375 0.405765563249588 0.2053760290145874 0.26423272490501404
3.0 0.9718306660652161 0.34026724100112915 0.05633869394659996 0.15677030384540558
3.0 0.582737147808075 0.23372158408164978 0.28790879249572754 0.2230326235294342
3.0 0.3570407032966614 0.18883053958415985 0.3504273295402527 0.2581292986869812
3.0 0.7080590128898621 0.20503801107406616 0.20453178882598877 0.16306455433368683
3.0 0.8750158548355103 0.20645934343338013 0.16756509244441986 0.11472780257463455
2.0 0.21737149357795715 0.4505188763141632 0.22892145812511444 0.2529991567134857
2.0 0.6210319399833679 0.37533119320869446 0.13584554195404053 0.15524151921272278
3.0 0.8762521743774414 0.32489410042762756 0.20585770905017853 0.1951564997434616
