3.0 0.03750002384185791 0.672656238079071 0.07500004768371582 0.44218745827674866
0.0 0.5023437738418579 0.45625001192092896 0.24687498807907104 0.3109375238418579
3.0 0.9632812738418579 0.28125 0.07109375298023224 0.14453125
3.0 0.507031261920929 0.23515625298023224 0.2835937738418579 0.19843748211860657
3.0 0.26249998807907104 0.21171875298023224 0.3492187261581421 0.22812500596046448
3.0 0.6664062738418579 0.1796875 0.1875 0.13906249403953552
3.0 0.83203125 0.15859374403953552 0.15625 0.09453124552965164
2.0 0.2132812738418579 0.48906248807907104 0.20000004768371582 0.2281249761581421
2.0 0.6031249761581421 0.36015623807907104 0.11796873807907104 0.140625
3.0 0.8492187857627869 0.2757812440395355 0.18437498807907104 0.171875
