3.0 0.6742985844612122 0.5495302677154541 0.6303199529647827 0.5832096934318542
0.0 0.2738313674926758 0.39949721097946167 0.1993129551410675 0.26027911901474
3.0 0.029507391154766083 0.32684987783432007 0.059014782309532166 0.1553000509738922
3.0 0.4246293604373932 0.23154348134994507 0.28362226486206055 0.21642087399959564
3.0 0.6514768004417419 0.19288669526576996 0.34559115767478943 0.24998508393764496
3.0 0.3001452088356018 0.1994185745716095 0.20135453343391418 0.15840107202529907
3.0 0.133212611079216 0.19624023139476776 0.16550132632255554 0.11077030748128891
2.0 0.7838842868804932 0.4583231806755066 0.22335034608840942 0.2482910007238388
2.0 0.3824482262134552 0.3720444440841675 0.13239353895187378 0.1524846851825714
3.0 0.1287142038345337 0.3145959973335266 0.20177270472049713 0.19068793952465057
