3.0 0.33910736441612244 0.583347499370575 0.6237459182739258 0.5758105516433716
0.0 0.7015358209609985 0.35634633898735046 0.1961330622434616 0.258167028427124
3.0 0.9408450126647949 0.23896977305412292 0.08427160978317261 0.1505351960659027
3.0 0.5202286839485168 0.22189852595329285 0.2813318967819214 0.21295349299907684
3.0 0.29023125767707825 0.2293325513601303 0.34299954771995544 0.24571894109249115
3.0 0.6357874274253845 0.16555581986904144 0.19965948164463043 0.15595370531082153
3.0 0.7987210750579834 0.12909746170043945 0.16439005732536316 0.10870044678449631
2.0 0.21351182460784912 0.5158677101135254 0.2204165756702423 0.24579404294490814
2.0 0.589624285697937 0.3511425852775574 0.1305774748325348 0.15102051198482513
3.0 0.8267698884010315 0.24416956305503845 0.19961027801036835 0.18833138048648834
