3.0 0.3333272337913513 0.5710874795913696 0.5870137214660645 0.5348881483078003
0.0 0.7117101550102234 0.3718131482601166 0.17871691286563873 0.24617359042167664
3.0 0.959021806716919 0.26718562841415405 0.07462906092405319 0.14975130558013916
3.0 0.5409603118896484 0.2241886854171753 0.26832151412963867 0.19396579265594482
3.0 0.3110506534576416 0.2144094854593277 0.3281957805156708 0.2224113941192627
3.0 0.6604074239730835 0.17664168775081635 0.19005925953388214 0.14253292977809906
3.0 0.8256105184555054 0.15246470272541046 0.15798471868038177 0.09742698818445206
2.0 0.2131272256374359 0.49440819025039673 0.2042170614004135 0.23181292414665222
2.0 0.6005007028579712 0.35825851559638977 0.12056919187307358 0.1427992582321167
3.0 0.8449791669845581 0.2693115174770355 0.18754634261131287 0.17528149485588074
