3.0 0.6705152988433838 0.5613006949424744 0.5975417494773865 0.5465502738952637
0.0 0.28121131658554077 0.3843083083629608 0.18365272879600525 0.24964170157909393
3.0 0.03354008495807648 0.29420119524002075 0.06708016991615295 0.1511530727148056
3.0 0.4431113600730896 0.2270287275314331 0.27208438515663147 0.19934651255607605
3.0 0.6720668077468872 0.20393106341362 0.3324902057647705 0.22900745272636414
3.0 0.3211075961589813 0.18648980557918549 0.1928313970565796 0.14633914828300476
3.0 0.1547803282737732 0.17193542420864105 0.1598518192768097 0.10061168670654297
2.0 0.7860655188560486 0.47777876257896423 0.20882940292358398 0.2358248382806778
2.0 0.39144736528396606 0.36432623863220215 0.12341561913490295 0.14516200125217438
3.0 0.14222149550914764 0.2897089123725891 0.19100111722946167 0.17900311946868896
