3.0 0.6617756485939026 0.5881977081298828 0.6337920427322388 0.5728235840797424
0.0 0.3005170524120331 0.35350900888442993 0.19930636882781982 0.2602747678756714
3.0 0.06289272755384445 0.23275795578956604 0.08620548248291016 0.1513308435678482
3.0 0.4837084412574768 0.22164012491703033 0.2836175560951233 0.2164136916399002
3.0 0.7135776877403259 0.2323278784751892 0.3455858528614044 0.249976247549057
3.0 0.3689585328102112 0.16366791725158691 0.20135103166103363 0.15839600563049316
3.0 0.20655706524848938 0.12490770220756531 0.16549904644489288 0.11076602339744568
2.0 0.786234974861145 0.5199199318885803 0.22334428131580353 0.24828584492206573
2.0 0.4124910235404968 0.3498893082141876 0.13238978385925293 0.15248166024684906
3.0 0.176882803440094 0.23957137763500214 0.20176823437213898 0.19068308174610138
