3.0 0.28959086537361145 0.6115902066230774 0.5791817307472229 0.5811983942985535
0.0 0.6892022490501404 0.37979307770729065 0.19833724200725555 0.24897123873233795
3.0 0.9560096263885498 0.26646989583969116 0.07570327073335648 0.14674201607704163
3.0 0.5372294783592224 0.22366034984588623 0.27078473567962646 0.1974787712097168
3.0 0.3072085976600647 0.21698890626430511 0.33100801706314087 0.22671709954738617
3.0 0.6560230851173401 0.17450356483459473 0.19187355041503906 0.14501820504665375
3.0 0.8208844065666199 0.14809633791446686 0.15920814871788025 0.09950537979602814
2.0 0.2130778580904007 0.49828532338142395 0.20723024010658264 0.234436497092247
2.0 0.5985761284828186 0.35691335797309875 0.12242845445871353 0.14434467256069183
3.0 0.8418302536010742 0.2646707594394684 0.18980498611927032 0.1777132898569107
