3.0 0.34099358320236206 0.5868919491767883 0.6339633464813232 0.5873216390609741
0.0 0.6983034014701843 0.35191619396209717 0.20108462870121002 0.2614445686340332
3.0 0.9349530935287476 0.22926606237888336 0.08729231357574463 0.15176773071289062
3.0 0.5140618681907654 0.2215185910463333 0.284885972738266 0.218352809548378
3.0 0.2842855751514435 0.2340468466281891 0.34701889753341675 0.25236350297927856
3.0 0.6283438205718994 0.16262929141521454 0.20229052007198334 0.15976417064666748
3.0 0.7904297113418579 0.12256976962089539 0.1661120057106018 0.11192521452903748
2.0 0.21393373608589172 0.5222115516662598 0.2249814122915268 0.24967405200004578
2.0 0.5863040685653687 0.3491933345794678 0.1334037184715271 0.15329508483409882
3.0 0.8210212588310242 0.23699213564395905 0.2029716521501541 0.19199711084365845
