3.0 0.6754503846168518 0.5413535237312317 0.6490992903709412 0.6067019701004028
0.0 0.26939332485198975 0.41014665365219116 0.20948180556297302 0.26685208082199097
3.0 0.02741880901157856 0.35503003001213074 0.05483761802315712 0.15373846888542175
3.0 0.4122002422809601 0.2353477030992508 0.29074808955192566 0.22751037776470184
3.0 0.6369996666908264 0.18616104125976562 0.3536193370819092 0.2636522650718689
3.0 0.2863541841506958 0.20905910432338715 0.20664028823375702 0.1662203073501587
3.0 0.11945486068725586 0.21366386115550995 0.16891920566558838 0.11741632223129272
2.0 0.7816335558891296 0.44513845443725586 0.23267622292041779 0.2561458349227905
2.0 0.37661275267601013 0.3776618242263794 0.13817475736141205 0.15708088874816895
3.0 0.12047713249921799 0.33210065960884094 0.20859399437904358 0.19816303253173828
