3.0 0.6645201444625854 0.5759366750717163 0.6017917990684509 0.5512725710868835
0.0 0.29213348031044006 0.36566993594169617 0.1856573075056076 0.2510351538658142
3.0 0.04799094796180725 0.25384682416915894 0.07890284806489944 0.15171001851558685
3.0 0.467132031917572 0.2231077253818512 0.2735961377620697 0.20153187215328217
3.0 0.6972295045852661 0.220063716173172 0.3342127203941345 0.23168835043907166
3.0 0.34912818670272827 0.17208410799503326 0.19394604861736298 0.14788436889648438
3.0 0.18470372259616852 0.1430809050798416 0.16059881448745728 0.10190732032060623
2.0 0.7869135141372681 0.5028092861175537 0.2106979638338089 0.23744338750839233
2.0 0.4036920964717865 0.3553769290447235 0.12456944584846497 0.14611443877220154
3.0 0.16192249953746796 0.2593105733394623 0.1923963874578476 0.1805095076560974
