3.0 0.3391933739185333 0.5835133194923401 0.6242281198501587 0.5763524174690247
0.0 0.7013875842094421 0.3561386466026306 0.1963655948638916 0.2583223581314087
3.0 0.9400596618652344 0.23307107388973236 0.08555938303470612 0.15455672144889832
3.0 0.5199419856071472 0.2218778133392334 0.28150033950805664 0.21320703625679016
3.0 0.2899523079395294 0.22954896092414856 0.3431902825832367 0.2460307776927948
3.0 0.6354425549507141 0.16541601717472076 0.1997840702533722 0.15613269805908203
3.0 0.7983385920524597 0.12878970801830292 0.16447196900844574 0.10885167121887207
2.0 0.2135283350944519 0.5161630511283875 0.22063136100769043 0.2459772527217865
2.0 0.5894708037376404 0.3510502576828003 0.1307104080915451 0.15112799406051636
3.0 0.8265060186386108 0.2438328117132187 0.19976885616779327 0.18850399553775787
