3.0 0.67470782995224 0.5480667948722839 0.6341484189033508 0.5875306725502014
0.0 0.2729964852333069 0.4013974368572235 0.201174795627594 0.261503666639328
3.0 0.029082320630550385 0.3309206962585449 0.05816464126110077 0.15576012432575226
3.0 0.4223806858062744 0.2321850061416626 0.28495004773139954 0.218451127409935
3.0 0.6488959193229675 0.19162717461585999 0.3470912575721741 0.2524845600128174
3.0 0.29763147234916687 0.20110517740249634 0.20233798027038574 0.15983353555202484
3.0 0.13067810237407684 0.19932688772678375 0.16614291071891785 0.1119840145111084
2.0 0.7835248112678528 0.45594391226768494 0.22506435215473175 0.24974428117275238
2.0 0.38137927651405334 0.3730347752571106 0.1334550976753235 0.15333621203899384
3.0 0.12717241048812866 0.31771621108055115 0.20303253829479218 0.19206365942955017
