3.0 0.32861006259918213 0.5588110089302063 0.6047754287719727 0.5545929074287415
0.0 0.7204502820968628 0.38750675320625305 0.1870688945055008 0.2520110309123993
3.0 0.9675059914588928 0.30655384063720703 0.06498800218105316 0.1481551080942154
3.0 0.5608578324317932 0.2278861403465271 0.2746547758579254 0.20307080447673798
3.0 0.3322630524635315 0.201456680893898 0.3354180157184601 0.2335769087076187
3.0 0.6834390163421631 0.18912822008132935 0.19472697377204895 0.1489722728729248
3.0 0.8499606251716614 0.176997572183609 0.16112081706523895 0.10282047837972641
2.0 0.21428842842578888 0.47361522912979126 0.21201211214065552 0.23857928812503815
2.0 0.6105169057846069 0.3659214675426483 0.12538117170333862 0.14678257703781128
3.0 0.8608030080795288 0.2949414849281311 0.19337615370750427 0.18156848847866058
