3.0 0.6740906834602356 0.550256073474884 0.6284011602401733 0.581047534942627
0.0 0.27425211668014526 0.3985556364059448 0.1983826458454132 0.2596638798713684
3.0 0.02972436137497425 0.3248317539691925 0.0594487227499485 0.15506738424301147
3.0 0.42574864625930786 0.23123174905776978 0.2829551100730896 0.21540643274784088
3.0 0.6527552008628845 0.19352056086063385 0.3448367714881897 0.24873661994934082
3.0 0.30139943957328796 0.19858841598033905 0.20086060464382172 0.15768517553806305
3.0 0.1344815343618393 0.1947145015001297 0.16517822444438934 0.1101643517613411
2.0 0.7840555310249329 0.45950645208358765 0.22249285876750946 0.24756240844726562
2.0 0.38298240303993225 0.37155574560165405 0.13186262547969818 0.15205758810043335
3.0 0.1294899880886078 0.3130504786968231 0.20114144682884216 0.18999940156936646
