3.0 0.6721329689025879 0.5565993785858154 0.6110641360282898 0.56160569190979
0.0 0.27811959385871887 0.3903544843196869 0.1900562047958374 0.2540613114833832
3.0 0.03179636225104332 0.30722153186798096 0.06359272450208664 0.15290619432926178
3.0 0.43564358353614807 0.22869226336479187 0.27687883377075195 0.20632773637771606
3.0 0.6638791561126709 0.19932173192501068 0.33794736862182617 0.2375756949186325
3.0 0.31257355213165283 0.19151586294174194 0.1963685303926468 0.15127401053905487
3.0 0.14590959250926971 0.18153028190135956 0.16221432387828827 0.10475518554449081
2.0 0.7853481769561768 0.469938725233078 0.21478861570358276 0.24097245931625366
2.0 0.38776591420173645 0.3673555254936218 0.12709684669971466 0.1481894552707672
3.0 0.13658668100833893 0.29960399866104126 0.1954418569803238 0.18380455672740936
