3.0 0.6906662583351135 0.5597777366638184 0.6186675429344177 0.6202035546302795
0.0 0.27033287286758423 0.40777167677879333 0.2072693109512329 0.26544660329818726
3.0 0.027838410809636116 0.34996676445007324 0.05567682161927223 0.15323451161384583
3.0 0.41493603587150574 0.23445573449134827 0.28922465443611145 0.2250974029302597
3.0 0.6402310729026794 0.1875915378332138 0.351907879114151 0.2606752812862396
3.0 0.2893679738044739 0.20686985552310944 0.20550855994224548 0.1645199954509735
3.0 0.12243000417947769 0.20975203812122345 0.1681940257549286 0.11596667021512985
2.0 0.7821847200393677 0.4480477273464203 0.2306547462940216 0.25445449352264404
2.0 0.377881795167923 0.37639501690864563 0.1369204819202423 0.1560925543308258
3.0 0.12223000079393387 0.3281930685043335 0.20712260901927948 0.19654491543769836
