3.0 0.3251681923866272 0.5649256110191345 0.6103101968765259 0.5438742637634277
0.0 0.7204231023788452 0.38745349645614624 0.18701255321502686 0.25197216868400574
3.0 0.967491090297699 0.30643925070762634 0.06501777470111847 0.1481398344039917
3.0 0.560792088508606 0.22787144780158997 0.2746126353740692 0.20300938189029694
3.0 0.33219093084335327 0.20149721205234528 0.3353700339794159 0.23350152373313904
3.0 0.6833639144897461 0.18908391892910004 0.1946958750486374 0.14892885088920593
3.0 0.8498825430870056 0.1769130527973175 0.16110004484653473 0.10278401523828506
2.0 0.2142820656299591 0.4736842215061188 0.21195968985557556 0.23853400349617004
2.0 0.6104845404624939 0.36589476466178894 0.1253487914800644 0.14675594866275787
3.0 0.8607534170150757 0.2948543131351471 0.193337082862854 0.18152625858783722
