3.0 0.3340361416339874 0.5727271437644958 0.5920462012290955 0.5404564738273621
0.0 0.7104361653327942 0.3697322607040405 0.18107105791568756 0.2478342056274414
3.0 0.9567043781280518 0.26267173886299133 0.07607532292604446 0.15042521059513092
3.0 0.5382393002510071 0.22379828989505768 0.27012333273887634 0.19653210043907166
3.0 0.30824437737464905 0.2162860929965973 0.3302533030509949 0.22555652260780334
3.0 0.6572118401527405 0.17507605254650116 0.19138625264167786 0.14434857666492462
3.0 0.8221685886383057 0.14927160739898682 0.1588800847530365 0.09894498437643051
2.0 0.21308603882789612 0.49723654985427856 0.2064189314842224 0.23373106122016907
2.0 0.5990985035896301 0.3572746217250824 0.12192774564027786 0.14392925798892975
3.0 0.8426882028579712 0.26592180132865906 0.18919746577739716 0.17705871164798737
