3.0 0.3303760886192322 0.5637257695198059 0.5903363227844238 0.5385633111000061
0.0 0.7171168327331543 0.3812004327774048 0.18027016520500183 0.24727056920528412
3.0 0.9654893279075623 0.28749552369117737 0.06902133673429489 0.15019701421260834
3.0 0.5529906749725342 0.22624532878398895 0.26951175928115845 0.19565901160240173
3.0 0.32372912764549255 0.2064146101474762 0.3295551836490631 0.2244863510131836
3.0 0.674403965473175 0.18397089838981628 0.19093577563762665 0.14373093843460083
3.0 0.8405067920684814 0.16704639792442322 0.15857645869255066 0.09842835366725922
2.0 0.21364672482013702 0.48185995221138 0.20567025244235992 0.2330794334411621
2.0 0.6066070795059204 0.3627922236919403 0.12146575003862381 0.14354544878005981
3.0 0.8547436594963074 0.28462883830070496 0.1886364221572876 0.17645452916622162
