3.0 0.6764991879463196 0.5442768931388855 0.6470015645027161 0.5939229130744934
0.0 0.269882470369339 0.40890124440193176 0.20832549035549164 0.2661193013191223
3.0 0.02763567864894867 0.35237550735473633 0.05527135729789734 0.15347649157047272
3.0 0.413632333278656 0.23487690091133118 0.2899538576602936 0.22624926269054413
3.0 0.6386943459510803 0.18690629303455353 0.35272741317749023 0.2620961666107178
3.0 0.2879302501678467 0.20790831744670868 0.20605012774467468 0.16533173620700836
3.0 0.12100845575332642 0.21161068975925446 0.1685415357351303 0.11665841937065125
2.0 0.7819260358810425 0.4466618597507477 0.23162028193473816 0.25526314973831177
2.0 0.3772759735584259 0.3769965171813965 0.1375194787979126 0.15656518936157227
3.0 0.12139040231704712 0.3300513029098511 0.2078259140253067 0.1973179429769516
