3.0 0.2976621687412262 0.5742508769035339 0.5953243374824524 0.6258002519607544
0.0 0.718555212020874 0.4146556854248047 0.21492096781730652 0.26128870248794556
3.0 0.9716278910636902 0.3439238667488098 0.05674416199326515 0.1526094526052475
3.0 0.5817755460739136 0.23342469334602356 0.2873595952987671 0.2221759855747223
3.0 0.3559185564517975 0.18934853374958038 0.34980884194374084 0.25707337260246277
3.0 0.7069931030273438 0.2042890042066574 0.2041243463754654 0.1624605804681778
3.0 0.8739539384841919 0.20510773360729218 0.1673019379377365 0.11421424150466919
2.0 0.21719473600387573 0.4515392780303955 0.22820141911506653 0.2523932158946991
2.0 0.6205812096595764 0.3748951852321625 0.13539911806583405 0.15488702058792114
3.0 0.8756177425384521 0.32353726029396057 0.20533138513565063 0.19457945227622986
