3.0 0.33960920572280884 0.5843091607093811 0.6265366673469543 0.5789484977722168
0.0 0.7006722092628479 0.3551424443721771 0.19748038053512573 0.25906506180763245
3.0 0.9392744302749634 0.2363353669643402 0.08509182929992676 0.1508754938840866
3.0 0.5185635089874268 0.2217824012041092 0.2823057472705841 0.21442259848117828
3.0 0.2886146605014801 0.23059315979480743 0.3441021144390106 0.24752607941627502
3.0 0.6337828636169434 0.1647489368915558 0.20037999749183655 0.15699076652526855
3.0 0.7964953780174255 0.12731584906578064 0.16486325860023499 0.1095769852399826
2.0 0.21361194550991058 0.5175824761390686 0.2216605842113495 0.2468542605638504
2.0 0.588731586933136 0.3506087064743042 0.1313474029302597 0.15164236724376678
3.0 0.8252325654029846 0.24221795797348022 0.2005281299352646 0.18933090567588806
